-125.8406269995843 40.41282699889229
-125.8052389999454 40.41435899883647
-125.7759060001559 40.41471299894492
-125.7383269996576 40.41433400025576
-125.6953690004256 40.41318099885286
-125.6735049999468 40.41123200032668
-125.6452189991974 40.41017099898868
-125.6284010000613 40.41007699911106
-125.6005079996722 40.41091899877819
-125.5722510001335 40.41148399926335
-125.5446660006144 40.40956899927598
-125.5138859999552 40.40904799874205
-125.4651839994217 40.40649399884348
-125.4046830004322 40.40429699895061
-125.3398320004091 40.39799299933706
-125.3194149999018 40.39623999830732
-125.3025880014431 40.3952769991055
-125.2643080006128 40.39529599930253
-125.2532049997708 40.39428299918173
-125.2335029998392 40.39223499924373
-125.2084490000399 40.39131699940906
-125.1783880001543 40.39042799777808
-125.1504770002219 40.38979099887955
-125.1286529999261 40.38965599889456
-125.1136279985712 40.38974999786866
