-123.8200500000209 40.75957799884299
-123.8225560014229 40.76247599937933
-123.8243840002626 40.76564599912933
-123.8253159996749 40.76799099883037
-123.8259940004406 40.77668499910015
-123.8234410000813 40.79280499874687
-123.8229460014103 40.80435999888475
-123.8243510006506 40.80796699917091
-123.8254669992877 40.80983999892536
-123.8253329993934 40.81172599785529
-123.8240200002145 40.8131899989982
-123.8182080000392 40.81626899927238
-123.8169920000465 40.817673998933
-123.8166589999605 40.81859499916398
-123.8173229995843 40.8198779987427
-123.8181939997955 40.82289199888159
-123.8186259996157 40.84552399897272
-123.8211620002566 40.84996299975425
-123.823631999877 40.85101399885055
-123.827362999696 40.8512819988529
-123.8317749997554 40.8496919977739
NaN NaN
-123.8760839995977 40.89500599877154
-123.8737140004347 40.88716899899376
-123.8690850006403 40.87838799911728
-123.8517169998866 40.85655799901749
-123.8481889995589 40.85089499905466
-123.8442079985963 40.84832399911709
-123.8413229997725 40.84696999925966
-123.8382720003691 40.84761899913254
-123.8332079985849 40.84983099905601
NaN NaN
-123.8761860006033 40.89548999925094
-123.8768130004171 40.89809400036442
-123.8770109998855 40.89957600035047
-123.8768279995874 40.90253900039817
-123.8771810006631 40.90888399897455
-123.876846999854 40.91281699887012
-123.8770060007609 40.91488599877037
-123.8771819995897 40.9152939998162
-123.8784870001693 40.91702999922188
-123.8787950001408 40.91767100029074
-123.8805469997108 40.92021199940523
-123.8827390003951 40.92232599877292
-123.8851989999698 40.92434099879431
-123.8878100000555 40.92562999928288
-123.8887850000238 40.92629399834753
-123.8901490001546 40.92866799907848
-123.8919919999612 40.9313430002827
-123.8941000000816 40.93539799919903
-123.8947629998804 40.93689199911525
-123.8960290001019 40.94075699906487
-123.8978359999235 40.94340499921685
-123.8980179986001 40.94522999928258
-123.8985649998445 40.94721499939637
NaN NaN
-123.8849099993665 40.91041099897012
-123.8865819985705 40.91300899873645
-123.8876710001383 40.91513899926459
-123.8882679998149 40.91695999927937
-123.8902989999424 40.92092699874759
-123.8940080000201 40.92623999898561
-123.894741999964 40.92751499928949
-123.8948759998583 40.92801599897645
-123.8968669998029 40.93144299926165
-123.8988179995645 40.93434899937686
-123.9006670001172 40.93843899921012
-123.9013459998095 40.94110499914879
-123.9040859997667 40.9477899993553
-123.9056630003328 40.95013899915607
-123.9070809999919 40.95262799936881
-123.9122789998738 40.95929199775744
-123.914606999204 40.96430399782271
-123.9153770000312 40.96556099879992
-123.9162370003719 40.96739099874367
NaN NaN
-123.8990669999849 40.94834299875561
-123.8996360000723 40.9494449989091
-123.9026159993306 40.95310199900897
-123.9030329999805 40.95400799876274
-123.9036120001137 40.95657800025364
-123.9036170001366 40.95841799917542
-123.9040849999417 40.96091899898423
-123.9044799999519 40.96205099920062
-123.9048449998249 40.96287899834231
-123.9059949996955 40.96457399937661
-123.906679000309 40.96535499977019
-123.9092600002574 40.96934099928654
-123.9097529992786 40.97074999929323
-123.9101350006667 40.97403899925354
-123.9104240003717 40.97476899894265
-123.910882999956 40.97534099786708
-123.9113740002257 40.97584899883856
-123.9144860006268 40.9775549987289
-123.9163119998166 40.97792099877717
-123.9170829995705 40.97787899887478
-123.9198739995812 40.97828699882924
-123.9209659997254 40.97870399918191
-123.9213800000022 40.97932199884701
-123.9217800000353 40.98076000037082
-123.922411000047 40.98143499897171
-123.93389999978 40.98785499886741
-123.9342479999346 40.98855599925378
-123.9357140001726 40.99059299774321
-123.936864999868 40.99249599934085
-123.9385210000769 40.99475199933849
-123.9393050002495 40.99537599889319
-123.9423459996072 40.99706599873385
-123.9435809998666 40.99791099901729
-123.9453989995588 40.99984599900328
NaN NaN
-123.9472620003551 41.04554499926115
-123.9460869985736 41.04290799912369
-123.944081000357 41.04026599935657
-123.943047999764 41.0383729993611
-123.941361999418 41.03430399913697
-123.9409299995979 41.0326439989781
-123.9406679996571 41.02949899786942
-123.9408710000466 41.02538599939466
-123.9423940001861 41.01842399925512
-123.9426560001269 41.01556799940028
-123.9421480001388 41.01384999926145
-123.9420130004196 41.01264899890849
-123.9428430006229 41.00665399923287
-123.9428760002349 41.00402499935581
-123.9424440004148 41.0024219993464
-123.9412710000797 40.99967099876922
NaN NaN
-123.9523649998025 41.05437999883824
-123.9472620003551 41.04554499926115
NaN NaN
-124.0168760000669 41.12466599892969
-124.0005810000892 41.11171599881663
-123.9960769999682 41.10769199893803
-123.9844180003559 41.09641799876368
-123.9797049999976 41.09238799936366
-123.9746970000864 41.08778399885161
-123.9706720014378 41.08318699935457
-123.9682930002575 41.07985799879953
-123.9667609998972 41.07538999909188
-123.9652149992932 41.07206599907354
-123.9627609995664 41.06890599918088
-123.9590380001433 41.06448199979378
-123.9558460002745 41.05988899929679
-123.9523649998025 41.05437999883824
NaN NaN
-124.1036440002722 41.21925199927824
-124.1016479994064 41.20983599928145
-124.0997290003302 41.20411199936336
-124.0938739995989 41.1910429991817
-124.08978100028 41.18227799918569
-124.0858850006045 41.1744779992307
-124.0844600003744 41.17117099881554
-124.082780999701 41.16831599887109
-124.0794440000673 41.16370099907927
-124.0737549999157 41.15856199937857
-124.0706450000628 41.15626799873368
-124.0668220001823 41.15439399906119
-124.063538000252 41.15237599778227
-124.0602660000173 41.15090399913333
-124.056261000562 41.14889299906263
-124.0489990000422 41.14609399885396
-124.0455330014354 41.14394099938818
-124.0429729996067 41.14205199900961
-124.0386009997302 41.13963299897458
-124.0271050003245 41.13208799903383
-124.0201969998071 41.12708799905631
-124.0170550001671 41.12466499879183
NaN NaN
-124.0463689996899 41.00086399916361
-124.0530250003123 41.01884599918498
-124.0546000003303 41.02663199881349
-124.0548770003397 41.03155299886188
-124.0567999996139 41.03796199898737
-124.0579859985711 41.04342099783281
-124.0617570003697 41.05227399940341
-124.0649390001927 41.05853299886695
-124.0697549995849 41.06545899938495
-124.0809130006784 41.08353499883642
NaN NaN
-124.0821420001917 41.06382599900068
-124.0824109998052 41.07736499929167
-124.0846360001015 41.08965199903178
-124.0916240000865 41.11488299907705
-124.0974620002011 41.12754199930817
-124.1007150001692 41.13694399937129
-124.1019450004056 41.14431699917863
NaN NaN
-124.1019450004056 41.14431699917863
-124.1026290001209 41.15142199926252
-124.1031580000254 41.15975999906401
-124.1038180003494 41.16563500035546
-124.1052109998942 41.17204799907103
-124.1078560003151 41.17803899886744
NaN NaN
-124.1122350007626 41.21587899874718
-124.1116339999898 41.20348199909995
-124.110598999747 41.19270099923199
-124.1092570002558 41.18486299938688
-124.1078560003151 41.17803899886744
NaN NaN
-124.1281689992687 41.23631799933674
-124.1342719996971 41.24041099896527
-124.1392909985806 41.24531899916996
-124.1421509999849 41.25103799901139
NaN NaN
-124.1299940004303 41.22951999887091
-124.1400289996208 41.24015100029639
NaN NaN
-124.1375929994373 41.21620499875412
-124.1715830004069 41.2755779989118
-124.1935070002618 41.316393999339
-124.2192819995863 41.35454499914973
-124.2239299996473 41.37250699913817
-124.2325499995518 41.388023998909
-124.2447930002185 41.39701599889351
-124.2509009997714 41.41035299877506
-124.2595249998738 41.43157999877423
-124.2714110001651 41.4465529987357
-124.2724859996926 41.4525389993743
-124.271387000774 41.4636919993946
-124.2814730000182 41.48328699901606
-124.3081689997826 41.51404499938302
-124.3146680000462 41.52003099899879
-124.3255030002012 41.52656399883312
-124.3323670003377 41.53282399917151
NaN NaN
-124.1401369995758 41.20886399906613
-124.148189000116 41.21827999909037
NaN NaN
-124.5950638649353 41.996421678142
-124.5853587891009 41.99003940418662
-124.5139504656945 41.94959957924473
-124.4963633370969 41.93307002202148
-124.4541295641386 41.8878923368838
-124.4367930673019 41.8533234057392
-124.4061498683823 41.80871832575692
-124.3622913017898 41.75501886808243
-124.3200362917599 41.70599641681294
-124.290126940969 41.67177897787398
-124.2590276826511 41.63853381880955
-124.2281118297714 41.60812382128901
-124.213730002397 41.58149770972854
NaN NaN
-124.3927519998746 41.59920099879355
-124.3808079998569 41.58070499887278
-124.368148000337 41.57036899888469
-124.3565780004132 41.56220699881951
-124.347540000034 41.55785399773534
-124.3374209993813 41.55213999885128
-124.3334460000631 41.54560999882157
-124.3327259985662 41.53853599898621
-124.3327280000127 41.5341839987388
NaN NaN
-124.4014470001221 41.61660800031007
-124.393838000171 41.6008320003609
NaN NaN
-124.4181189996684 41.64597999926876
-124.4115960000137 41.63618899873886
-124.401447999947 41.61878399882339
NaN NaN
-124.4286539993494 41.67780099885906
-124.4268320003575 41.66719299889512
-124.4246510004422 41.65930499886547
-124.4184830006148 41.64733899923979
NaN NaN
-124.4435950001405 41.74253099909767
-124.436686999623 41.72757399936278
-124.4330550004366 41.72104899912042
-124.4297730001561 41.70581699785388
-124.4290350000142 41.69303299913109
-124.4290180002958 41.67943199903756
NaN NaN
-124.4439600000134 41.74443499915043
-124.4566569993433 41.7624849989285
NaN NaN
-124.6799954311204 42.17436939233185
-124.6778052414397 42.15303390706585
-124.6769961387447 42.1471705910921
-124.6763321436126 42.1444089302959
-124.6757826297802 42.14277226678941
-124.6741802374343 42.13897671607636
-124.6719222411193 42.1342083878723
-124.6702965455766 42.13140449901648
-124.6671229620695 42.12657116179565
-124.6653372487269 42.12336672017909
-124.6642310237602 42.12084950127563
-124.6635442509457 42.11829339629931
-124.6626510991778 42.10774565112971
-124.6628262751498 42.09610736129988
-124.6626889128614 42.09196848904659
-124.6620781096722 42.08502962174448
-124.661559148441 42.08327851325097
-124.660971872129 42.08226018009428
-124.6601629257409 42.08127962324362
-124.6579500131751 42.07932239321426
-124.656103803688 42.07814794007388
-124.6523041761746 42.0763395882502
-124.6500840788831 42.07553846477025
-124.6473145216582 42.07477178106561
-124.6389675404298 42.07336006181171
-124.634039009082 42.07220447937164
-124.6327111643447 42.07153280437227
-124.6317272126646 42.07059058028785
-124.6311393776005 42.06949557934731
-124.6311087800836 42.06830558187005
-124.6327798279718 42.06488393909996
-124.6356408768118 42.06037508624076
-124.6365258476224 42.05870009884141
-124.6376468956896 42.05578567334975
-124.6385473453708 42.05182624937829
-124.63868450464 42.04980070117373
-124.6385926249527 42.04370850005118
-124.6372880690393 42.04169849823405
-124.6358683940221 42.03635795179424
-124.6345943880148 42.03423294987223
-124.6300929939065 42.03047181928298
-124.6276433626868 42.02749236783315
-124.6229357980343 42.02230401887592
-124.6177170955783 42.01699399873613
-124.6139557318044 42.01351120373097
-124.60959100918 42.00999062991052
-124.5947589937959 41.99956833175484
NaN NaN
-124.7120879835975 42.25330310381901
-124.7104701950259 42.24867593217351
-124.7094328214341 42.24452927679017
-124.708791566255 42.24034040275735
-124.7084630703219 42.23528986528459
-124.7080129496859 42.23171932275167
-124.7072194875584 42.22817933279421
-124.7060365707209 42.22453267631256
-124.7036635756765 42.21942490389184
-124.7000549407722 42.21260046773931
-124.6976819735756 42.2084954711374
-124.6930199544062 42.20097714182651
-124.6874500906242 42.19229825428474
NaN NaN
-124.7183132878551 42.27567945135953
-124.713911075839 42.26900397709696
-124.7129571979579 42.26711566711786
-124.7118205614256 42.26406793230518
NaN NaN
-124.7369742337973 42.31403951179336
-124.733899768602 42.31017177726254
-124.7314658785611 42.30632293384055
-124.7280936685615 42.30033356527182
-124.7265375762837 42.29682027725014
-124.7252253900802 42.2926736668568
-124.7240732180833 42.28805040136104
-124.7239737871577 42.28716541325912
-124.7239816258569 42.28360269178492
-124.7247984010627 42.27849111089649
-124.7247445398749 42.27690779979103
-124.724470114437 42.27533226822568
-124.7239817974351 42.27382173535302
-124.7228834713547 42.27165120683551
-124.7200601580448 42.26655904776234
-124.7179318371344 42.26311409197361
NaN NaN
-124.754140401073 42.33918976826062
-124.7436269546705 42.32895487730094
-124.743047506278 42.32824543902764
-124.7423147253479 42.32712767488071
-124.741658617424 42.32576602610253
-124.7412847377044 42.3245565973813
-124.7407431029954 42.32163108378198
-124.739995339963 42.31951000082895
-124.7391031206464 42.3177894658784
-124.7374014411054 42.31576393220611
NaN NaN
