-124.117594000303 40.34732799928211
-124.1143819994445 40.34451299892729
nan nan
-124.1653710001985 40.39261399785699
-124.160451000151 40.38789499776295
-124.1554119993794 40.38153799772843
-124.1501990003271 40.37596699882808
-124.1472780006201 40.3740049991769
-124.1420890000607 40.36999999879094
-124.1410479999701 40.3689429989573
-124.1397139999765 40.36710499876392
-124.1359129998373 40.36244499784398
-124.1334599999354 40.36054799915053
-124.1316639999845 40.35892899913459
-124.124679999299 40.35344799895761
-124.1207140002018 40.35014199901097
-124.117594000303 40.34732799928211
nan nan
-124.2015379999873 40.42862299892914
-124.1974020001123 40.42645999886041
-124.1940899996947 40.4232899978492
-124.1916150000514 40.4198979990935
-124.1879260000652 40.41644699935005
-124.1854609995694 40.41376699917314
-124.1831780004451 40.4107999993678
-124.1767579998243 40.40559699932068
-124.1734460003049 40.40242799908029
-124.1722029996497 40.40037599932293
-124.1665989998869 40.39366999897577
-124.1653710001985 40.39261399785699
nan nan
-124.2284980002407 40.44343299934141
-124.228042999956 40.44327799841005
-124.225919999767 40.44187299979841
-124.2236339993713 40.44017199898514
-124.2192439999515 40.43831499923593
-124.2142169997738 40.43551199916583
-124.2116130002591 40.4332789989067
-124.2081569999014 40.43141199923093
-124.2032800004098 40.42825099880104
nan nan
-124.2405930007694 40.45415099893805
-124.2391040000669 40.4535119988141
-124.2370679999164 40.45281999929836
-124.2341750006968 40.45207699888547
-124.2322130001662 40.45108699882528
-124.2304779994163 40.44967699887468
-124.2294419993486 40.44814099889503
-124.2287960001665 40.44660099876931
-124.2284980002407 40.44343299934141
nan nan
-124.2670409999385 40.45190599902223
-124.2635079995879 40.45009899940987
-124.2611579996181 40.4491719989889
-124.258421000034 40.44854699897916
-124.2553739999303 40.44792499900917
-124.2502999998969 40.44714599894606
-124.2460029985668 40.44629899938637
-124.2371820006176 40.44496499889752
-124.2303929999258 40.44408599876255
-124.2284980002407 40.44343299934141
nan nan
-124.2608160002096 40.45232899929388
-124.2595690002548 40.45228299915421
-124.2583280001476 40.45259399883143
-124.2549999998364 40.45393799934413
-124.2531379997633 40.45449299774024
-124.2517390003707 40.45468699779796
-124.2493249999285 40.45471199915291
-124.2476959985855 40.45514599907263
-124.2466899995534 40.4555729988266
-124.2458340003091 40.45564199838011
-124.244899001422 40.45559199908716
-124.2435699996547 40.4552490003918
-124.2405930007694 40.45415099893805
nan nan
-124.3840600000001 40.52123599896071
-124.3820079999562 40.52011899785021
-124.3811340002702 40.51923099881635
-124.3799349999958 40.51762799872977
-124.3793819998019 40.51727399908209
-124.3782019997941 40.51692699877856
-124.3770190003116 40.51627999876362
-124.3759870004419 40.51533299923022
-124.3751789999798 40.51372699933053
-124.3745379999223 40.51283599873735
-124.3735860004185 40.51200799914161
-124.3724040007609 40.51148099899286
-124.3713829998634 40.51119199935602
-124.3688730000601 40.51079599901507
-124.3671449998812 40.51039399910208
-124.3658810002079 40.50962899876831
-124.3591050008333 40.50162299875698
-124.3572000002041 40.49996699935105
-124.3545179999733 40.49851099889341
-124.3523870002866 40.49668999973894
-124.3467929996713 40.49246499909742
-124.345224999326 40.49176799908101
-124.3380370002227 40.49035699888032
-124.3328069996554 40.48957999933314
-124.3305470000973 40.48948499890934
-124.3239859999095 40.48824599876635
-124.3213249995951 40.48738199911627
-124.3202219995803 40.48655999894078
-124.3176930004086 40.48414799916344
-124.3142989999752 40.48126999936564
-124.3087139995807 40.47763999878914
-124.2982810000069 40.47281299933659
-124.2956210004157 40.47206799908377
-124.2901509996489 40.4708769993144
-124.280159999941 40.46943599899338
-124.2763329998626 40.46876299874696
-124.2721069995759 40.46749899882175
-124.2693640001441 40.46633799906441
-124.2675489999266 40.46480999896026
-124.265963000038 40.4629829990633
-124.2654009996232 40.46185900032196
-124.2646419995649 40.45805999887479
-124.2637689997038 40.45699799935732
-124.2625100000533 40.45611899938818
-124.2549999998364 40.45393799934413
nan nan
-124.2647079996871 40.45216899873179
-124.2623769999839 40.45255099904973
-124.2608160002096 40.45232899929388
nan nan
-124.2670409999385 40.45190599902223
-124.2647079996871 40.45216899873179
nan nan
-124.2695730003815 40.45320899899343
-124.2682339985684 40.45251899921022
-124.2670409999385 40.45190599902223
nan nan
-124.2813749992106 40.4622829993614
-124.2788000000082 40.46195399883377
-124.276609999872 40.46138199905801
-124.273471000605 40.45986900028912
-124.2711850002093 40.45810899908903
-124.2699189999879 40.45681399840795
-124.268964000111 40.45545499913869
-124.2684790005874 40.45432999881608
-124.2682339985684 40.45251899921022
nan nan
-124.2813749992106 40.4622829993614
-124.2869799996966 40.46210499940067
-124.2890769999464 40.46172599780541
-124.2800529998109 40.45730099781282
-124.2768390002009 40.45602499878394
-124.2719080002826 40.4544129993996
-124.2695730003815 40.45320899899343
nan nan
-124.2857879999933 40.45545399912307
-124.2834470002443 40.455181999107
-124.2760260006142 40.45377399903298
-124.2715010005768 40.45328599930748
-124.2695730003815 40.45320899899343
nan nan
-124.3176330001342 40.45475799899689
-124.3048449996694 40.45388299927185
-124.3011060003528 40.45380399887808
-124.2937889995815 40.45405999910751
-124.2878030002273 40.45477799883005
-124.2857879999933 40.45545399912307
nan nan
-124.3055799994383 40.45607599912809
-124.2995850007615 40.45619999911982
-124.2963879999716 40.45599599925449
-124.2902250001671 40.45528799974181
-124.2857879999933 40.45545399912307
nan nan
-124.3001919995855 40.46535599894727
-124.2931519997219 40.46340799910687
-124.2890769999464 40.46172599780541
nan nan
-124.3026050002028 40.46521099876017
-124.3001919995855 40.46535599894727
nan nan
-124.3160780002077 40.47024399918892
-124.3124829999328 40.4694489978564
-124.3071660002252 40.46807799929209
-124.3038770002721 40.46692299904542
-124.3001919995855 40.46535599894727
nan nan
-124.3050129998989 40.46482799878272
-124.3026050002028 40.46521099876017
nan nan
-124.3085010000437 40.4637199991254
-124.3050129998989 40.46482799878272
nan nan
-124.31079800031 40.45602099875533
-124.3085360002038 40.45586599882955
-124.3068229991952 40.45588499900727
-124.3055799994383 40.45607599912809
nan nan
-124.3105179999275 40.46316299923309
-124.3085010000437 40.4637199991254
nan nan
-124.3254610003684 40.45735199923894
-124.324996000038 40.45753599939846
-124.324226000109 40.45807899979906
-124.3222329996163 40.4601829988649
-124.3214630005857 40.46078599936303
-124.3205349995747 40.46121199888357
-124.3164149995933 40.46173199938919
-124.3105179999275 40.46316299923309
nan nan
-124.3142270000052 40.45616300030935
-124.31079800031 40.45602099875533
nan nan
-124.3210760000731 40.45585199937871
-124.319751999227 40.45586599882957
-124.3181210000308 40.45612099939959
-124.316176000117 40.45626099936803
-124.3142270000052 40.45616300030935
nan nan
-124.3379419997882 40.45858799892478
-124.3334209999487 40.45839799908182
-124.3285040002742 40.4577359987625
-124.3269339993808 40.45691999920215
-124.3242710003149 40.45593699878258
-124.3221609996463 40.45548300025354
-124.3176330001342 40.45475799899689
nan nan
-124.3375940014302 40.46132799885626
-124.3290559997449 40.4582059987522
-124.3277259999493 40.45780399884811
-124.3254610003684 40.45735199923894
nan nan
-124.3512980014138 40.46617999877039
-124.3444019996936 40.46339799876685
-124.3408829995867 40.46248300031348
-124.3375940014302 40.46132799885626
nan nan
-124.352592000326 40.45900699897454
-124.3427699997742 40.4585369991204
-124.3379419997882 40.45858799892478
nan nan
-124.3724719996346 40.47053499917789
-124.3709760001577 40.46947999939304
-124.3693290001697 40.46872400038524
-124.3677659998473 40.46838399918172
-124.3659749999192 40.46840399905896
-124.3641870003642 40.46860199923081
-124.3636459998659 40.46890499933696
-124.36287900031 40.4696869987274
-124.3624139999795 40.4698089992776
-124.3597539985917 40.46906499899716
-124.3564739997578 40.46844499930121
-124.3540469997951 40.46769799876146
-124.3512980014138 40.46617999877039
nan nan
-124.3659369993861 40.51314699936963
-124.360310999882 40.50954399834431
-124.3580050002931 40.5075879992321
-124.3517019998482 40.50087499917075
nan nan
-124.3701090001444 40.45860299914134
-124.3608419994363 40.45870099874205
-124.3570289996015 40.45897999929154
-124.352592000326 40.45900699897454
nan nan
-124.4069909996104 40.4460139992516
-124.398655999213 40.44592399881398
-124.3971780001777 40.44611799899942
-124.3880590014043 40.45079599934417
-124.3806999999019 40.45343299935124
-124.3783720005717 40.45399299937134
-124.372933999592 40.45488399873508
-124.3680420000318 40.45582799914159
-124.365948000155 40.45644599909865
-124.361120000169 40.45655599910335
-124.3591030002851 40.45705399892214
-124.3558410000962 40.45762399935603
-124.3537489998693 40.45835999877533
-124.352592000326 40.45900699897454
nan nan
-124.3747830001447 40.51690099895112
-124.3715519999178 40.51597199907926
-124.3691830005798 40.51503499877234
-124.3670479997969 40.51397599906976
-124.3659369993861 40.51314699936963
nan nan
-124.4297570002626 40.47307899778313
-124.4224200002981 40.46691000037696
-124.4195039997155 40.46467999918787
-124.4161190004013 40.46233699879546
-124.404723998583 40.45567499879532
-124.4018980002088 40.45421799783317
-124.3987710006374 40.45347899938724
-124.3954960000297 40.45321599933632
-124.3938589991891 40.45311399905257
-124.3906680000436 40.45332699920785
-124.3871720004012 40.45389999924929
-124.3853060001301 40.45409799911186
-124.3837540005767 40.45447099981241
-124.3804099985754 40.45480399880935
-124.3792450004328 40.4550549992225
-124.3765339998897 40.45597599910034
-124.3751349995988 40.45622899787767
-124.3714990002144 40.45781499931789
-124.3701090001444 40.45860299914134
-124.3806249995588 40.45866899909737
-124.3826530002116 40.45888499930806
-124.389294999692 40.46024300033691
-124.396864999285 40.46129199938112
nan nan
-124.3729500003838 40.47124399837877
-124.3711429996639 40.47019299934983
nan nan
-124.3742080002094 40.47200399884713
-124.3729500003838 40.47124399837877
nan nan
-124.3767499997998 40.47518999930286
-124.3761849999103 40.47394699872788
-124.3755460004009 40.47294199932881
-124.3742080002094 40.47200399884713
nan nan
-124.3773180000623 40.4766719991512
-124.3767499997998 40.47518999930286
nan nan
-124.3816899999388 40.48251499887863
-124.379781999835 40.47997700038561
-124.3783630003509 40.4788019989317
-124.3776469999503 40.47785799885611
-124.3773180000623 40.4766719991512
nan nan
-124.415617000261 40.50253799936942
-124.4015890004123 40.50123199937715
-124.391566000019 40.50078699919346
-124.3805979997946 40.49999099884238
nan nan
-124.3908680000601 40.48691799902794
-124.3849210001656 40.48497999936046
-124.3834289999883 40.48416299913756
-124.3816899999388 40.48251499887863
nan nan
-124.3908680000601 40.48691799902794
-124.3879880003609 40.48690999923387
-124.3843150002682 40.48611699894531
-124.3830549998945 40.48517799916428
-124.3822620003994 40.48423499883005
-124.3816899999388 40.48251499887863
nan nan
-124.5010170001375 40.54944699896719
-124.4995730014374 40.54713099926719
-124.497023998581 40.54428499890295
-124.487961999709 40.53522399880178
-124.4793799994394 40.52681499927068
-124.4724060005964 40.52126099875427
-124.4626230004026 40.51609099875252
-124.4538790006496 40.51240699938926
-124.4478230000769 40.51043099876659
-124.4235070004194 40.5016889987821
-124.4197369993441 40.50031499933216
-124.4160129991978 40.49871199924291
-124.407522999888 40.49616199936148
-124.4044699999364 40.49512299891134
-124.4032120001109 40.49436399931734
-124.4022649997316 40.49354099913531
-124.3991690001223 40.48970699884106
-124.3977480000901 40.4884729990505
-124.3917270005758 40.48692999905882
-124.3908680000601 40.48691799902794
nan nan
-124.5714370006615 40.52348799840507
-124.5590650001234 40.52325799939948
-124.5513969997228 40.52195399874417
-124.5452990002156 40.52029299939252
-124.5380640003583 40.5177819990425
-124.5222079998734 40.51054199900374
-124.5144920006905 40.50614599879636
-124.5095080001705 40.50378699906473
-124.5018150005538 40.50076699939986
-124.4775370014295 40.49065699935004
-124.4679030003003 40.48712999903042
-124.458898999358 40.48401299924551
-124.4511349995962 40.48058599936147
-124.4415029999135 40.47711899875524
-124.4297570002626 40.47307899778313
-124.4253700003175 40.47140099928201
-124.4127720007218 40.46754799898526
-124.4064259997209 40.46517699974095
-124.396864999285 40.46129199938112
nan nan
-124.4907629997655 40.54918399879698
-124.469933000603 40.53317800034328
nan nan
-124.4941759995672 40.52727699933383
-124.4895069995898 40.52391299915214
-124.4864250002242 40.52196899777794
-124.4827169999714 40.52003099922158
nan nan
-124.5552710005552 40.57608399836933
-124.5445450001801 40.57570399894969
-124.5420339996536 40.57524899912155
-124.5388910001886 40.57444099932253
-124.5296729998844 40.57046199878902
-124.5258759999432 40.56780699937084
-124.5233989997518 40.5645429987861
-124.5202879991756 40.56074599879227
-124.5181249997019 40.55759799931222
-124.5165949998897 40.55480299917394
-124.5152070003678 40.5511099991577
-124.5126320002672 40.54151199887681
-124.5087740002266 40.53503299787631
-124.5057489998641 40.53171399933493
-124.5019319998314 40.52780399890928
-124.4985259997024 40.52520499787627
-124.4938629995728 40.52225999885399
-124.4894470002136 40.52002899906518
-124.4847099995658 40.51738299936572
nan nan
-124.5386730006287 40.58053999900331
-124.5365539997393 40.58014099781724
-124.5341939997238 40.57932599895507
-124.5280440003381 40.576393999278
-124.5180800003944 40.56967199885822
-124.5138659998033 40.56546699879419
-124.511153001407 40.56208499884813
-124.5080540014247 40.55906499926488
-124.5063000004082 40.5569889992728
-124.5010170001375 40.54944699896719
nan nan
-124.5631990003485 40.59268699933319
-124.5465100001855 40.58632499907066
-124.5374719998063 40.58377799931497
-124.5289759997504 40.58092799910372
-124.5217339993221 40.57818499874089
-124.5185740001387 40.5763009988833
-124.5160379985995 40.57423299882188
-124.5126220002214 40.57091699773409
-124.5092719992706 40.56694299915257
-124.5079080000382 40.56474399906921
-124.5024900000482 40.5534979988647
-124.5010170001375 40.54944699896719
nan nan
-124.5593860014121 40.58619299918593
-124.5675479997605 40.58956499915146
-124.5702129993745 40.59118499899324
-124.575360999926 40.59402099875176
-124.5828939997092 40.59851099777014
-124.5878400005943 40.60098199911581
-124.5921170000362 40.60354699915784
-124.5975659999883 40.60792899916898
-124.6002360014219 40.61076599899447
-124.6087590003436 40.61413499896404
-124.6149709996537 40.61601899880856
-124.6229579998965 40.61776299926284
-124.6312010002324 40.61870499933584
-124.6367959997744 40.61881699911387
-124.6426749998968 40.61958999927448
-124.6479759997109 40.62068899926381
-124.6582719999156 40.62310199838287
-124.6708820001051 40.62726899876694
nan nan
-124.577120000067 40.52416099894232
-124.5812590003151 40.52482399880167
-124.592307999832 40.52511899910064
-124.5987529996688 40.52421299910135
-124.602698999573 40.52401299973964
-124.6056230005514 40.52424399924266
-124.6112940002614 40.52518099921358
-124.6151800007894 40.5268010002743
-124.6208430001034 40.52831099934734
-124.6267389999442 40.53085599915923
-124.6305860001142 40.53315599883835
-124.6370679997609 40.53632499933305
-124.6431230014071 40.53955099927641
-124.6505619996822 40.54400599931936
-124.6552890002843 40.54724499884357
-124.659879000619 40.55085799893035
-124.6662160013991 40.55476699933242
-124.6717459997454 40.56055299935298
-124.6773530007796 40.56668299931727
-124.680909999623 40.57257299873766
-124.6849960001675 40.57785299884035
-124.6896589993988 40.58322199892375
-124.6934990007944 40.58889999939711
-124.7017909997375 40.59997899902035
nan nan
