-123.6158580005964 39.8146319987791
-123.6128700000438 39.80987099907291
nan nan
-123.6128700000438 39.80987099907291
-123.6097589985693 39.80649699940471
-123.6048259998996 39.79905700032722
-123.6036539993894 39.79627999921597
-123.6028659999171 39.79201599878981
-123.6021899996995 39.78679200031471
-123.600498000404 39.77892599877968
-123.597889999793 39.77069499940921
-123.5976179998065 39.76643099936081
-123.5978660004019 39.76315999788143
nan nan
-123.6431169997022 39.84836299880761
-123.6424600006495 39.84548799919945
-123.6415469997071 39.84330699881735
-123.6398570000614 39.8408269993466
-123.6375229999852 39.83864399887226
-123.6357089995926 39.83735399910589
-123.6340230001449 39.8357659993337
-123.6331129995755 39.83417900032991
-123.6292180006233 39.82961499901315
-123.6264970000345 39.82753099938745
-123.6238299998723 39.8239079977444
-123.6158580005964 39.8146319987791
nan nan
-123.6176799995882 39.75137699909317
-123.5923889999624 39.72811299979539
-123.5862820002344 39.72073199934158
-123.5798750000323 39.70618799873858
-123.5746369999674 39.69723799935082
-123.5699810004088 39.69030299901093
-123.5624240003363 39.68381699885575
-123.5565340003432 39.67878900026788
-123.5500379995544 39.67262299938288
-123.5459319998167 39.66909799920536
-123.5376299999296 39.66424699882588
nan nan
-123.553134000062 39.68359599904703
-123.5571310000198 39.6885359991581
-123.5604810000723 39.69374499916346
-123.5671849985786 39.70496799908555
-123.5755399999658 39.72028899926929
-123.5813439997451 39.72964699928637
-123.5843770014018 39.73293499782346
-123.5869890004141 39.73494099898389
-123.5896029999745 39.73734699898746
-123.5917989999585 39.74068999917055
-123.592957000225 39.74295899895546
-123.5941149995931 39.74624399891339
nan nan
-123.5573410000821 39.71710599926275
-123.5888969996197 39.74495599917198
-123.5929179998669 39.74937499875306
-123.5965539992514 39.75641799939135
-123.5978660004019 39.76315999788143
nan nan
-123.5632679998851 39.75293099884713
-123.5650479999425 39.75557699918014
-123.5683920001471 39.75830399883539
-123.5752870002458 39.76255899901705
-123.5770670003032 39.7648839987277
-123.5790580002477 39.76793099931746
-123.5811299985866 39.77242999874325
-123.582594000073 39.7809329991056
nan nan
