-122.4491690014418 38.96663399929365
-122.4505950005985 38.9671059991642
-122.452447000626 38.96884999940357
NaN NaN
-122.452447000626 38.96884999940357
-122.4552130014207 38.9706489992429
NaN NaN
-122.4552130014207 38.9706489992429
-122.4571349999716 38.97242499927508
-122.4579949994139 38.97293999879349
-122.4609549985808 38.97525499901799
NaN NaN
-122.4628369996437 38.97451999901411
-122.4612070002725 38.97344299842516
NaN NaN
-122.4626590002668 38.97442599928434
-122.4644679997382 38.97545799911133
NaN NaN
-122.4644679997382 38.97545799911133
-122.4677900002016 38.97719299942018
NaN NaN
-122.4677900002016 38.97719299942018
-122.4691600001802 38.97724599905474
NaN NaN
-122.4691600001802 38.97724599905474
-122.4699020014183 38.97762099898564
NaN NaN
-122.4699020014183 38.97762099898564
-122.4719160000308 38.97900199901221
NaN NaN
-122.4826149997433 38.97810799926889
-122.4806919995708 38.97633299933153
-122.4771459996998 38.97246999888733
-122.4752240002505 38.97067099780823
-122.4740939995731 38.97042199904407
-122.4716590001128 38.9695969991726
NaN NaN
-122.4719160000308 38.97900199901221
-122.4722719996829 38.9791889987637
NaN NaN
-122.4722719996829 38.9791889987637
-122.473845999876 38.98252799897329
NaN NaN
-122.4729570001214 38.98463199873428
-122.4737839999517 38.98553499913212
-122.4745699997742 38.98671599874626
-122.4758340003458 38.98755799975273
NaN NaN
-122.4759590000193 38.98681499910306
-122.474979999853 38.98495099877091
-122.4745930002387 38.98349299902355
-122.473845999876 38.98252799897329
NaN NaN
-122.4762279996328 38.98796299875683
-122.4768210000097 38.98833799918214
NaN NaN
-122.4763130000216 38.98725099898439
-122.477652999863 38.98858900032877
NaN NaN
-122.477652999863 38.98858900032877
-122.4790769993699 38.98949499940235
NaN NaN
-122.4795900002792 38.98986899883957
-122.4821610001819 38.99130599783609
NaN NaN
-122.487975000007 38.99470999911608
-122.4851649997297 38.99330299917051
-122.4822359996267 38.99198799841137
NaN NaN
-122.4851360003156 38.99178399910429
-122.4863570003313 38.99318399918081
-122.487975000007 38.99470999911608
NaN NaN
-122.4901140000895 38.99549500028793
-122.4923669999749 38.99708499877907
-122.4938700000229 38.9978979977621
-122.4954550000866 38.9995169990033
-122.4964850003066 39.00073299918466
NaN NaN
-122.4964850003066 39.00073299918466
-122.4973930003278 39.00190999918512
-122.4985599999167 39.00309399891616
NaN NaN
-122.4985599999167 39.00309399891616
-122.4991139999356 39.00340599908418
NaN NaN
-122.4991139999356 39.00340599908418
-122.501959000373 39.00561899782162
NaN NaN
-122.501695999709 39.00908899783929
-122.5023669999037 39.009711998791
NaN NaN
-122.501959000373 39.00561899782162
-122.5031839996883 39.00655399886706
NaN NaN
-122.5023669999037 39.009711998791
-122.5046120002915 39.01260399786996
NaN NaN
-122.5031839996883 39.00655399886706
-122.5034569986014 39.00726799911073
-122.5044420004122 39.00838799881137
NaN NaN
-122.5044420004122 39.00838799881137
-122.5051129997086 39.00897999929698
-122.5062550000815 39.01053499907071
-122.5074230003937 39.01388699886898
NaN NaN
-122.5046120002915 39.01260399786996
-122.5064059996943 39.01445599888173
NaN NaN
-122.5062040000279 39.01433099902964
-122.506676000031 39.01498399881197
NaN NaN
-122.506676000031 39.01498399881197
-122.5084109998825 39.01691299877037
-122.5090830008005 39.01744299882672
-122.5099109995575 39.0182829989432
-122.5124060001905 39.01943999878123
-122.5148209995593 39.02078299923551
NaN NaN
-122.5081199996294 39.0165549991999
-122.5074230003937 39.01388699886898
NaN NaN
-122.5122310002883 39.00181299976642
-122.51047899982 38.99724199876946
NaN NaN
-122.5226589998392 39.01259999834289
-122.5219240000704 39.01212799881922
-122.521003998557 39.0112769989276
-122.518854999327 39.00838899840364
-122.5176269996387 39.00715899776225
-122.5140740000949 39.00451299890199
-122.5133379996028 39.00375599884338
-122.5122310002883 39.00181299976642
NaN NaN
-122.5148209995593 39.02078299923551
-122.5192719999768 39.0264729991118
NaN NaN
-122.5222400004379 39.02834499922115
-122.5211780004309 39.02666699926736
-122.520512000259 39.02533199933296
-122.5200839997385 39.02390399905944
-122.5189099995786 39.02126499930317
-122.517255000093 39.01927399936756
NaN NaN
-122.5282290001652 39.03197999926478
-122.5222549996082 39.02928499915596
-122.5212839998378 39.02868199904214
-122.5192719999768 39.0264729991118
NaN NaN
-122.5550050002956 39.06028099786113
-122.5534709993872 39.05900499892981
-122.5483720001378 39.05337499918704
-122.5468380001277 39.05209899893097
-122.5446889999993 39.04987599916577
-122.5432169999135 39.04855199927586
-122.5394710000259 39.04443599897936
-122.5382399999645 39.04273199894718
-122.5294020013985 39.03355599918019
-122.5210479998362 39.02276299899084
NaN NaN
-122.5213399999143 39.02629599905573
-122.5221690002928 39.02701199893014
-122.5225570006303 39.02843999922561
NaN NaN
-122.5222400004379 39.02834499922115
-122.5239379995812 39.02990199881615
NaN NaN
-122.5240680001758 39.01359199975654
-122.5226589998392 39.01259999834289
NaN NaN
-122.5231820007943 39.03231699780366
-122.5244919996 39.03298999918956
-122.5271450004169 39.03397799881967
NaN NaN
-122.5275650014397 39.01718799886088
-122.5254160004131 39.01463199906387
-122.5240680001758 39.01359199975654
NaN NaN
-122.5263489996503 39.03879099881787
-122.528414999938 39.04068299935756
-122.529172999273 39.04171099931874
-122.5297160003196 39.04280999900365
-122.5305659997161 39.0436719993851
-122.5328479999139 39.0453019988256
-122.5343359998932 39.0469059993715
NaN NaN
-122.527721000177 39.03479099940284
-122.5293070000657 39.03534599922845
-122.5308270007304 39.03663899883507
NaN NaN
-122.529596000669 39.03780299879816
-122.5314260000568 39.03845399905565
-122.5343780006243 39.04049199880842
NaN NaN
-122.5311120002374 39.03966899835743
-122.5338179998593 39.04203999898643
-122.5358819995988 39.04431299937438
-122.5370630003298 39.04608199923175
NaN NaN
-122.5379210001223 39.03936299890461
-122.5343629996574 39.0361959998086
-122.5321569996276 39.03454299935035
NaN NaN
-122.5343359998932 39.0469059993715
-122.5350940001266 39.04783899776944
-122.5360670004451 39.04870099887516
NaN NaN
-122.5362980004238 39.04900599932692
-122.5436499995586 39.05342799895865
NaN NaN
-122.5451059997509 39.04731199879437
-122.5424050001518 39.04452099909735
-122.5401919995511 39.04149099904033
-122.5379210001223 39.03936299890461
NaN NaN
-122.5453770008108 39.05343299931678
-122.5386260006522 39.04709699932365
NaN NaN
-122.5437589993385 39.04660499931547
-122.5425899992014 39.04489999880573
-122.5418539996077 39.0443329978046
-122.5410550002647 39.04310199889763
-122.5398250000282 39.04168199898191
NaN NaN
-122.5428899996754 39.04342800037836
-122.5410490004169 39.04181999903481
NaN NaN
-122.5451059997509 39.04731199879437
-122.5433929996406 39.04689099900272
-122.5415559996818 39.04608999938093
NaN NaN
-122.5452049985868 39.05628200041394
-122.5425649999854 39.05349099939887
-122.5415830003443 39.05263999934594
NaN NaN
-122.5445529995569 39.04650699936112
-122.5423399998545 39.04361999906126
NaN NaN
-122.5436499995586 39.05342799895865
-122.5518070005791 39.05949099885832
NaN NaN
-122.5499429999578 39.04909799892325
-122.5481659993751 39.04820299911979
-122.5451059997509 39.04731199879437
NaN NaN
-122.5469879999155 39.05860100031536
-122.5461150000544 39.05716999899234
-122.5452049985868 39.05628200041394
NaN NaN
-122.5454089996996 39.0465509988591
-122.5453429995773 39.04531799929969
NaN NaN
-122.5481400003342 39.05631899932786
-122.5453770008108 39.05343299931678
NaN NaN
-122.5453900003313 39.04194799926757
-122.5457489985599 39.0401899987933
NaN NaN
-122.5467990006679 39.04274999891414
-122.5463009998272 39.0407579993882
NaN NaN
-122.5479139985817 39.0608279977526
-122.5474830003832 39.06007099939491
-122.5469879999155 39.05860100031536
NaN NaN
-122.5500029993339 39.06305199893444
-122.5479139985817 39.0608279977526
NaN NaN
-122.5572730002496 39.06164899882842
-122.5559650001953 39.05614799777499
-122.5546040004376 39.05268900031744
-122.5539900001443 39.05193099873895
-122.5520879998881 39.05037200028993
-122.5499429999578 39.04909799892325
NaN NaN
-122.5606800002035 39.07183999919599
-122.5578009994309 39.07052199890871
-122.5561710000596 39.06945599933114
-122.5546450004455 39.0680189988657
-122.5532579998502 39.06640899908844
-122.5500029993339 39.06305199893444
NaN NaN
-122.5518070005791 39.05949099885832
-122.5542509993619 39.06277299926108
NaN NaN
-122.5542509993619 39.06277299926108
-122.5565939996589 39.06571299883919
-122.5619949999305 39.07055099925974
-122.564485001439 39.07307099931096
NaN NaN
-122.5578210004207 39.06442799938136
-122.5572730002496 39.06164899882842
NaN NaN
-122.5599709985773 39.06353799890461
-122.5575390003884 39.06181899938221
NaN NaN
-122.5663430004158 39.06921499842121
-122.5599709985773 39.06353799890461
NaN NaN
-122.5600199998794 39.06849799924932
-122.5670000003668 39.07149999921824
NaN NaN
-122.5705570001086 39.07868499894511
-122.5662039996003 39.0760439991564
-122.5607370001049 39.07188099938006
NaN NaN
-122.564485001439 39.07307099931096
-122.5650389996612 39.07350699883866
NaN NaN
-122.5645769997038 39.07078599916387
-122.5663430004158 39.06921499842121
-122.5690769996269 39.06535999906918
-122.5715050003127 39.06155399883301
NaN NaN
-122.5650389996612 39.07350699883866
-122.5663029993345 39.07490599878901
NaN NaN
-122.5663029993345 39.07490599878901
-122.5695100001702 39.07721199902239
NaN NaN
-122.5670000003668 39.07149999921824
-122.5676730002114 39.07190499872834
-122.5689820000906 39.07243699938851
NaN NaN
-122.575414000407 39.07364099781968
-122.5672670003305 39.07063399911641
NaN NaN
-122.5696080000795 39.06113399908363
-122.5680599998257 39.06083599902154
NaN NaN
-122.5689820000906 39.07243699938851
-122.5724719998852 39.07393699879919
NaN NaN
-122.5695100001702 39.07721199902239
-122.5705769993017 39.07830099786667
NaN NaN
-122.5715050003127 39.06155399883301
-122.5696080000795 39.06113399908363
NaN NaN
-122.5705769993017 39.07830099786667
-122.5723970004404 39.07973299898206
NaN NaN
-122.5771969999391 39.06262399935892
-122.5715050003127 39.06155399883301
NaN NaN
-122.5724719998852 39.07393699879919
-122.5738579997573 39.07484099923121
NaN NaN
-122.5905920001262 39.08624999929087
-122.5886299995956 39.08526099882123
-122.5865469995895 39.08469999782144
-122.5813439996847 39.08372299838584
-122.5789560000801 39.08311500031271
-122.576443000802 39.08198599775125
-122.5728579996746 39.08005100032512
NaN NaN
-122.5738579997573 39.07484099923121
-122.580170000423 39.07663099913122
NaN NaN
-122.5787879998506 39.07597799922097
-122.575414000407 39.07364099781968
NaN NaN
-122.5782179999382 39.07168499905031
-122.5771540002814 39.06646899930571
NaN NaN
-122.5789300001408 39.06305399936311
-122.5771969999391 39.06262399935892
NaN NaN
-122.5784060002592 39.07267999921577
-122.5782179999382 39.07168499905031
NaN NaN
-122.578840999554 39.07424499781235
-122.5784060002592 39.07267999921577
NaN NaN
-122.5793999995958 39.07599899778064
-122.578840999554 39.07424499781235
NaN NaN
-122.580170000423 39.07663099913122
-122.5808049997344 39.07688099929025
-122.5820330003211 39.07762899931877
-122.5832579996364 39.0789049984179
-122.5841289998477 39.07958899782344
-122.5861510006527 39.0807439987538
-122.5881309998283 39.08217599909661
NaN NaN
-122.5877320014168 39.08236099883218
-122.5897100000442 39.08407299929946
-122.5908989993745 39.08482099908437
NaN NaN
-122.593294999375 39.08875499873166
-122.5905920001262 39.08624999929087
NaN NaN
-122.5908989993745 39.08482099908437
-122.5913689997278 39.08603099890376
-122.5919629999296 39.08640499881965
NaN NaN
-122.5919629999296 39.08640499881965
-122.5941959997235 39.08875799897908
NaN NaN
-122.5955670004253 39.0905019989731
-122.5944010006613 39.08974699922307
-122.593294999375 39.08875499873166
NaN NaN
-122.5941959997235 39.08875799897908
-122.596848999642 39.09093699973504
-122.5986320000725 39.09208999932643
-122.5994630001008 39.09286799779395
-122.6008059994168 39.0944839997576
-122.6014010003419 39.09482699912382
-122.6039310002367 39.09746999933017
NaN NaN
-122.5993309998563 39.09049799897451
-122.5946650002519 39.08690899891422
NaN NaN
-122.6077049997134 39.09567399911957
-122.60223400002 39.09042799931055
NaN NaN
-122.6039310002367 39.09746999933017
-122.6074360000999 39.10395999913744
NaN NaN
-122.6092949998 39.1058259992758
-122.6074360000999 39.10395999913744
NaN NaN
-122.6100849998204 39.10675799935023
-122.6092949998 39.1058259992758
NaN NaN
-122.6137930000732 39.10200799892397
-122.609302000371 39.09699699881806
NaN NaN
-122.6131720001072 39.10020699875204
-122.609847999994 39.09623499928331
NaN NaN
-122.6100849998204 39.10675799935023
-122.6240290000035 39.11995299873077
NaN NaN
-122.6244989985601 39.12029399873013
-122.6240290000035 39.11995299873077
NaN NaN
-122.6244989985601 39.12029399873013
-122.62623399931 39.12171299777407
NaN NaN
-122.62623399931 39.12171299777407
-122.6287479993113 39.12324799873523
-122.6299440001109 39.1236339990939
-122.6304689998175 39.12398899936215
-122.6316649997188 39.12433199942368
-122.6335820000435 39.12555399887625
-122.6343029995686 39.12657399896862
NaN NaN
-122.6340110003889 39.12695499919441
-122.6330699998574 39.12634399893954
-122.6327269997257 39.12593299900497
-122.6324949999221 39.12521099918999
NaN NaN
-122.6369479999895 39.12915999984744
-122.6355579999194 39.12833499912877
-122.6342619995607 39.12714799923754
NaN NaN
-122.6410000001989 39.13217299890555
-122.6357529999131 39.12389099883865
NaN NaN
-122.640594000318 39.13153699873116
-122.639388000371 39.13095399915818
-122.6384929998702 39.1300819990135
-122.6374740004193 39.12949999921094
NaN NaN
-122.6516659994011 39.15647399898841
-122.6398579998259 39.14679599898855
NaN NaN
-122.640594000318 39.13153699873116
-122.6413940003841 39.13252899926548
-122.6431229985913 39.13403099901195
NaN NaN
-122.6439860002033 39.13495099872829
-122.6450020001795 39.13620999880474
-122.6451210000052 39.13724799880829
-122.6455829999625 39.13794899893863
-122.6461970002559 39.13898899875358
-122.6469619992636 39.14099499875236
-122.6487830002272 39.14256999930991
NaN NaN
-122.6558880003881 39.14553900028977
-122.6529830005746 39.14056899935527
-122.6485990001042 39.13375299916555
-122.6442170001819 39.1274139993907
NaN NaN
-122.6487830002272 39.14256999930991
-122.6493690000331 39.14319900034254
NaN NaN
-122.6493690000331 39.14319900034254
-122.65032399991 39.14440899930013
-122.6516169998957 39.14562099783931
NaN NaN
-122.6516169998957 39.14562099783931
-122.6525249999169 39.14791299890001
-122.6528559985563 39.14891500042003
NaN NaN
-122.6636990000056 39.15788500039808
-122.6607609996817 39.15629599931979
-122.6598270006196 39.15552099911068
-122.6582880005866 39.15415699927011
-122.6558719995963 39.15216599916607
-122.6547130004033 39.15118499920047
-122.6542559995704 39.15077899908104
-122.6528559985563 39.14891500042003
NaN NaN
-122.6626169999071 39.1654889993225
-122.6564649999732 39.16067599779652
NaN NaN
-122.6674609997867 39.16665399888018
-122.6570059995733 39.15882199979588
NaN NaN
-122.6636990000056 39.15788500039808
-122.6713389999188 39.16049299927342
-122.6792429994227 39.16463699775468
NaN NaN
-122.6729280001804 39.1696189988337
-122.6673920001897 39.16537299873168
NaN NaN
-122.6814690004422 39.16551099923282
-122.6800779996489 39.16497999900069
-122.6792429994227 39.16463699775468
NaN NaN
-122.6814690004422 39.16551099923282
-122.6858389997705 39.16728899785522
NaN NaN
-122.6815089997268 39.16544899940455
-122.6814690004422 39.16551099923282
NaN NaN
-122.6858389997705 39.16728899785522
-122.6884239999169 39.16834999903222
NaN NaN
-122.6884239999169 39.16834999903222
-122.6916029993669 39.16978399840332
NaN NaN
-122.6916029993669 39.16978399840332
-122.693865999298 39.171153999358
NaN NaN
-122.693865999298 39.171153999358
-122.697760000222 39.17311699986098
-122.6993079995775 39.17436099929712
NaN NaN
-122.7137289997865 39.1818109992782
-122.7004909999582 39.17062799895641
-122.6948930000432 39.16657299881474
NaN NaN
-122.6970760014051 39.17488199883179
-122.6979069996367 39.17590699875127
NaN NaN
-122.6979069996367 39.17590699875127
-122.7000459997193 39.17867099922001
NaN NaN
-122.7000459997193 39.17867099922001
-122.7004809999125 39.17938499912501
-122.7010360006546 39.17997499898757
NaN NaN
-122.7011139995741 39.18028499900829
-122.7025840000101 39.18112599906686
NaN NaN
-122.7025840000101 39.18112599906686
-122.7055220003339 39.18327199931721
NaN NaN
-122.7055220003339 39.18327199931721
-122.7071869998653 39.18513599912811
NaN NaN
-122.7081799993769 39.18591299932729
-122.7072270000482 39.18513599912811
NaN NaN
-122.7081799993769 39.18591299932729
-122.7128520006257 39.19255699879798
NaN NaN
-122.7159320003415 39.1812779990099
-122.7115010000154 39.17821499890374
NaN NaN
-122.7128520006257 39.19255699879798
-122.7150360000159 39.19423699924866
NaN NaN
-122.7155540000497 39.19405199875108
-122.7165080001017 39.19454999894754
-122.7175019994383 39.19517199941108
-122.7204040006754 39.19641900036758
NaN NaN
-122.7243059993003 39.187975000368
-122.7189479995848 39.18358799880355
-122.7159320003415 39.1812779990099
NaN NaN
-122.7233089995907 39.19732499895212
-122.7210820014411 39.1962349990664
NaN NaN
-122.7236730014354 39.19583799888924
-122.7221620000932 39.19515300032018
NaN NaN
-122.7236869998824 39.19790999874188
-122.7265699999547 39.19995599913459
-122.7284040004387 39.20062299886431
NaN NaN
-122.7258970001101 39.19739299881255
-122.7252619999004 39.19705099874532
NaN NaN
-122.7272319999286 39.19598800029659
-122.7254870000313 39.19424799923284
NaN NaN
-122.7317910003011 39.20166999908387
-122.7304029998809 39.20005499922544
-122.7292960005664 39.19803799973385
-122.7285819998157 39.1972619989306
-122.7284249985585 39.19664099927563
NaN NaN
-122.7289669997801 39.20076499910067
-122.7317910003011 39.20166999908387
-122.7350519997669 39.20325799930568
-122.738789000332 39.20528199918299
NaN NaN
-122.7428010003583 39.20510899919174
-122.7381950001301 39.20361399922845
NaN NaN
-122.739627000033 39.20503499880783
-122.7415319997638 39.20677499931414
NaN NaN
-122.7415319997638 39.20677499931414
-122.742960000367 39.20866899882064
NaN NaN
-122.742960000367 39.20866899882064
-122.7435949996784 39.20910499880866
NaN NaN
-122.7435949996784 39.20910499880866
-122.746137999992 39.21115599918904
NaN NaN
-122.746137999992 39.21115599918904
-122.7486810003057 39.21292799914039
-122.7510270000775 39.21420399919915
-122.7547679999422 39.2154819993163
NaN NaN
-122.7519669998857 39.2189659987651
-122.7485790001984 39.21646799941539
NaN NaN
-122.7499119985704 39.21420099942316
-122.748799999233 39.21314499930358
NaN NaN
-122.764033999927 39.22699999838746
-122.7574710000894 39.22322099935491
-122.7496189995658 39.21805499901851
NaN NaN
-122.7499119985704 39.21420099942316
-122.7507450000452 39.21513299931122
NaN NaN
-122.7507450000452 39.21513299931122
-122.7520179999394 39.21584799777708
-122.752773000698 39.21631499890368
-122.7551199993964 39.21746699894152
NaN NaN
-122.7554440001598 39.21597999932103
-122.7563179998458 39.21653899921211
NaN NaN
-122.7563179998458 39.21653899921211
-122.7580259999332 39.21815499875463
NaN NaN
-122.7580259999332 39.21815499875463
-122.7611659999234 39.22057899931161
-122.7626269992402 39.222747999414
NaN NaN
-122.7626269992402 39.222747999414
-122.769299999581 39.22942999933509
NaN NaN
-122.7674559999495 39.22150199895979
-122.762795000368 39.21958899886106
NaN NaN
-122.769299999581 39.22942999933509
-122.7775680000313 39.23617199876955
NaN NaN
-122.777726000215 39.23651299913172
-122.7788789995603 39.23741399831034
-122.7809009985687 39.24088899932775
-122.7822899997121 39.24259699928749
-122.7834789999407 39.24482999887228
-122.7862239999207 39.24675699887377
-122.787932999833 39.24834099912811
-122.791273000738 39.25104399940776
NaN NaN
-122.7903430000772 39.25553599886995
-122.7905000004361 39.25634199897809
NaN NaN
-122.7907790000953 39.25655999941233
-122.7915089998413 39.25745599935625
-122.7950470002148 39.25995599939028
-122.7961299992398 39.26100399896137
-122.7983770001757 39.26253699941736
-122.8013959997921 39.2654579990009
-122.8044689998352 39.26741499900607
-122.806333999383 39.2682089978529
-122.8087200002361 39.27063099939839
NaN NaN
-122.791273000738 39.25104399940776
-122.7922670000747 39.25216099933704
-122.7927819997355 39.25309199918466
-122.7943310007125 39.25504699887705
NaN NaN
-122.7935290000982 39.25671899922503
-122.7924160000376 39.25566399914701
-122.7917410014415 39.25467100034977
-122.791464001432 39.25401899874551
NaN NaN
-122.8117020000426 39.24732099834356
-122.8092480003158 39.24665199897862
-122.8033580003227 39.24445399773854
-122.7997379999335 39.24287599932819
NaN NaN
-122.8056240006269 39.24364099917779
-122.8014510000437 39.24134699941637
NaN NaN
-122.8087200002361 39.27063099939839
-122.8095539997392 39.27180999941515
NaN NaN
-122.8095539997392 39.27180999941515
-122.8098299999237 39.27301899881147
NaN NaN
-122.8098299999237 39.27301899881147
-122.8105839999591 39.27425999880835
NaN NaN
-122.8105839999591 39.27425999880835
-122.8112950003368 39.27695799927553
NaN NaN
-122.8123280000315 39.27850899938856
-122.8112950003368 39.27695799927553
NaN NaN
-122.8123280000315 39.27850899938856
-122.8213129998089 39.2892469997683
-122.8295410000762 39.30074199903905
NaN NaN
-122.8256199993881 39.25602199885501
-122.8199770001656 39.25163199781448
-122.8166410003568 39.24952999914703
-122.8132970001521 39.24784699926526
NaN NaN
-122.8137480002388 39.2810229987663
-122.8154689998466 39.28443499935737
NaN NaN
-122.8156080006621 39.2846249993941
-122.815858000009 39.28495699916527
NaN NaN
-122.816042999957 39.28516899915918
-122.8166659995728 39.28616299887702
NaN NaN
-122.8167459999387 39.28638899901011
-122.8176550006832 39.28821299908944
NaN NaN
-122.8183229996066 39.28931299930804
-122.8178239998392 39.28843699927594
NaN NaN
-122.9336960004034 39.37137299929521
-122.9243240001134 39.36289199906431
-122.9200170014325 39.35856799941868
-122.9185000002426 39.35658999781219
-122.9162280000906 39.35442799893484
-122.9116870001597 39.35103099782955
-122.9095339998334 39.34958399886648
-122.9052749999348 39.34593399892369
-122.9021690002798 39.34358699884928
-122.897075000155 39.34056099873941
-122.8865220000323 39.33166299975562
-122.8846490000884 39.32959300030244
-122.8839699985995 39.32832499916312
-122.8833679997984 39.32656299921181
-122.8822770003774 39.32081299931325
-122.8820720003379 39.31889499777927
-122.8821459999578 39.31768899895928
-122.8816639999089 39.31601999922957
-122.8802269999832 39.31363899898467
-122.8793509997491 39.31283599881056
-122.8765689999592 39.31172499877902
-122.8745800005627 39.31048899902082
-122.8733469999532 39.30943799884008
-122.869961000814 39.3057909993386
-122.8679729994459 39.30458699898605
-122.8635629999345 39.30276499781559
-122.8623700004063 39.3020229993533
-122.8615330014285 39.30112699784834
-122.860176999897 39.29893199918101
-122.8594570001968 39.29713899905626
-122.8584189995809 39.29509799883015
-122.8579370004304 39.29318099917327
-122.8575229992553 39.28755299886899
-122.857512000283 39.28408899912294
-122.857071000242 39.28257399927364
-122.8564720000173 39.28130699905609
-122.8557549997918 39.28056499916399
-122.8496760005512 39.27716699927547
-122.8435950007624 39.27311799878188
-122.8356419999565 39.26619400034126
-122.8350450002799 39.26538999899356
-122.8328519997706 39.26146299932709
-122.8261759999551 39.2563319978443
NaN NaN
-122.8270680000828 39.2972149989715
-122.8273779997042 39.29752199888708
NaN NaN
-122.8330830006476 39.25898899880372
-122.8286339998799 39.25589799887553
NaN NaN
-122.8295410000762 39.30074199903905
-122.8301780008341 39.30133199888718
NaN NaN
-122.8302449998829 39.30136499783526
-122.830676999703 39.30169399936744
NaN NaN
-122.8313689998142 39.30365899935759
-122.830452999397 39.30294399784272
NaN NaN
-122.8309470000398 39.30189399934454
-122.8319420000996 39.30264799774849
-122.8334700002619 39.30383799779357
-122.8339330000442 39.30419099892078
NaN NaN
-122.8313689998142 39.30365899935759
-122.8341180008904 39.3052119988151
NaN NaN
-122.8341180008904 39.3052119988151
-122.8356720000937 39.30592699940433
NaN NaN
-122.8356319999107 39.30589599891685
-122.8375049998545 39.30682899921293
-122.839059999781 39.30745099921933
NaN NaN
-122.839059999781 39.30745099921933
-122.8407340004315 39.30813499898583
NaN NaN
-122.8407340004315 39.30813499898583
-122.8420490001585 39.30891099913777
-122.8429639998524 39.30971899940938
-122.845791999673 39.31195399887816
NaN NaN
-122.8471370004355 39.31451399909865
-122.8478680000064 39.31509099889357
-122.8541930001926 39.3186699990843
NaN NaN
-122.8550210007462 39.31927599938622
-122.8557320002256 39.31993599937124
NaN NaN
-122.8558069996704 39.32310699779838
-122.8563070001609 39.32393499917224
NaN NaN
-122.8562900004424 39.32047899924497
-122.8588820002615 39.32289999939792
-122.8596050003348 39.3239719992029
NaN NaN
-122.8564430006033 39.32412599900762
-122.8570360000819 39.32501300028832
NaN NaN
-122.8571289999684 39.32514399930393
-122.8587550000399 39.32657499924249
-122.8610969996138 39.32939299888807
NaN NaN
-122.8599989996218 39.32958299781331
-122.8633570000702 39.33303599927098
-122.8651680000897 39.33458499910636
NaN NaN
-122.8612220001856 39.32957399939359
-122.8624659997675 39.33127599895943
NaN NaN
-122.8626840002257 39.33155999898624
-122.8650420005914 39.33422899895631
NaN NaN
-122.864941000309 39.3334209989706
-122.8684110000121 39.33945699898707
NaN NaN
-122.8689460006627 39.34039999938388
-122.868740999725 39.34002199886564
NaN NaN
-122.8693999993258 39.34125299918666
-122.8692110000783 39.34088599903161
NaN NaN
-122.8704329999188 39.34308799884731
-122.8695550000349 39.34147799887223
NaN NaN
-122.869882000273 39.34035499894964
-122.8720230000054 39.3475899993805
NaN NaN
-122.8709520006759 39.34267699937507
-122.8718730002176 39.34497899920446
-122.8724110003429 39.34684999907433
NaN NaN
-122.8730509996772 39.34413499904191
-122.872366999962 39.34237599927143
-122.8719680006521 39.34079199840555
NaN NaN
-122.8721169997167 39.34780299895321
-122.8723119997104 39.34824299937401
-122.8727090002688 39.34865399876441
NaN NaN
-122.8727169997664 39.3470519998716
-122.8726929985786 39.34762199909687
NaN NaN
-122.8728849999958 39.34849499925144
-122.8733040002955 39.34899099928865
NaN NaN
-122.8735179996574 39.34479699929715
-122.8732980004477 39.34434799941888
NaN NaN
-122.8734729985533 39.34914999906242
-122.8735829999548 39.34933899886021
NaN NaN
-122.8736159995667 39.34940499938593
-122.8738509997434 39.34991399901992
NaN NaN
-122.874414999808 39.34723499911318
-122.8737659993545 39.3455169993885
NaN NaN
-122.8740720005746 39.35029799924479
-122.8743560002567 39.35100899909942
-122.8750779996068 39.35240599884509
NaN NaN
-122.8745259992377 39.34743999912553
-122.8746380002891 39.34791499894427
NaN NaN
-122.8746869997945 39.34801099899219
-122.8749379998647 39.34853299981017
NaN NaN
-122.8749379998647 39.34853299981017
-122.8756999993977 39.35076099904167
NaN NaN
-122.8750779996068 39.35240599884509
-122.8756480004175 39.35399299979635
NaN NaN
-122.8752899993189 39.34720299921958
-122.8777139998068 39.35116199880802
NaN NaN
-122.8756900002503 39.35237699935154
-122.876065000169 39.35303999889705
NaN NaN
-122.8759200004041 39.35123499892327
-122.8756999993977 39.35076099904167
NaN NaN
-122.8766629996705 39.35448299896038
-122.8761800006951 39.35322699877133
NaN NaN
-122.8771639999859 39.35329699873666
-122.8762340002234 39.35154899927255
NaN NaN
-122.8768209998543 39.35341299927899
-122.8763689999426 39.35267399908032
NaN NaN
-122.8781609996956 39.35654900030931
-122.8772150000395 39.35348699938064
NaN NaN
-122.8777139998068 39.35116199880802
-122.882801000259 39.3559319990153
NaN NaN
-122.8782880008155 39.35683399927654
-122.8777380000963 39.35607499896953
NaN NaN
-122.8804110001062 39.35812699923144
-122.8788999996624 39.35703199887625
NaN NaN
-122.8814489998238 39.35857899933108
-122.8810520001638 39.35825799940765
-122.8804069999083 39.35769099931457
NaN NaN
-122.881920000002 39.35902999910947
-122.881523000342 39.35868999923402
NaN NaN
-122.8820659995918 39.35683999912529
-122.8824439998836 39.3580929990872
-122.882761000076 39.35879499928023
-122.8833989997605 39.3597589991947
-122.8848740002193 39.3614509993367
NaN NaN
-122.8827959993378 39.3582859983583
-122.8822620003087 39.3574149993753
NaN NaN
-122.882801000259 39.3559319990153
-122.8830699998725 39.35680099940445
-122.8828509995894 39.35847399896023
-122.8834899999971 39.35982799939742
NaN NaN
-122.8875649997726 39.36472499912911
-122.8868680014353 39.36356699876515
-122.8844680003385 39.36055399902995
NaN NaN
-122.892422999896 39.37061099930357
-122.8880540003925 39.36499999926531
NaN NaN
-122.8892860002788 39.39523999873115
-122.8906130005997 39.39668199911333
NaN NaN
-122.89059099996 39.39666799935401
-122.8907340000752 39.39685700038012
NaN NaN
-122.8911349999332 39.39725899889852
-122.8925609999882 39.40033999892113
-122.8930700006996 39.40115999939798
-122.8946100005574 39.40337499927354
-122.8973809995784 39.40654299894015
NaN NaN
-122.8933679997271 39.37161499912939
-122.8928470002185 39.37116099935967
NaN NaN
-122.8943360000227 39.37244499883491
-122.8934170001309 39.37161399913466
NaN NaN
-122.8958490001164 39.37361599876375
-122.8948330001402 39.37286099878404
NaN NaN
-122.8974619997692 39.37482599928499
-122.8959500003988 39.37373099893173
NaN NaN
-122.8982839995767 39.40777099874878
-122.8975209993205 39.40668699884994
NaN NaN
-122.8975639998765 39.37497299923108
-122.8990079985766 39.37661999882199
NaN NaN
-122.899082999818 39.37488899880381
-122.8985139997305 39.37453099781693
NaN NaN
-122.8987199995948 39.40892899879756
-122.8985729992817 39.40838499887286
NaN NaN
-122.8989859997336 39.37490699925105
-122.9006620000339 39.37629999911037
-122.9020219999667 39.37861299889765
NaN NaN
-122.9005249997665 39.37840399911274
-122.8995499997982 39.37727899984389
NaN NaN
-122.9017569996528 39.37734399905757
-122.902857000193 39.37911399839577
-122.9033220014217 39.38012300029662
NaN NaN
-122.9033509999374 39.37962499934801
-122.9037690004121 39.38098999785463
-122.9044899999373 39.38243399940723
NaN NaN
-122.9039140001771 39.38191399887027
-122.9043500001952 39.38257399905012
NaN NaN
-122.9044940001352 39.38279399911181
-122.904929999255 39.38345299878276
NaN NaN
-122.9045450001889 39.38120399890475
-122.9051679998047 39.3842569993802
-122.9060299997951 39.38594499903763
NaN NaN
-122.904900999841 39.38120199780126
-122.905457000408 39.38203999894478
-122.905454000035 39.3832139991977
-122.9055999996248 39.3839270003903
-122.9059079995964 39.38482299921981
-122.9065059999962 39.38590199905215
NaN NaN
-122.9056060003709 39.38626599875415
-122.9056850000136 39.38676299905993
NaN NaN
-122.9057989998165 39.3873689992034
-122.9058399998243 39.38786599929088
NaN NaN
-122.9058840002053 39.38847399838804
-122.9059679998709 39.38949599904568
NaN NaN
-122.906178999758 39.38935599940292
-122.9064020002391 39.39012800036397
NaN NaN
-122.9064239999804 39.38574099933944
-122.9069629999307 39.3867599990324
-122.9070399999236 39.38741899874649
-122.9091600006379 39.38996799902465
NaN NaN
-122.9065499985805 39.39045699877148
-122.9067380006981 39.39125699896962
NaN NaN
-122.9068139999678 39.39167199887834
-122.9074449999795 39.39362699927935
NaN NaN
-122.9092330004328 39.39709499873278
-122.9077379998825 39.39431499884547
NaN NaN
-122.9081839999463 39.38757199923646
-122.9103380000975 39.38897799924206
-122.9120570000556 39.38977999920381
NaN NaN
-122.9091600006379 39.38996799902465
-122.913251000307 39.39272799778086
NaN NaN
-122.9111649999279 39.39511800029485
-122.9114190003711 39.39547499878227
NaN NaN
-122.9115370003719 39.39567899918028
-122.9125650000437 39.39810199898226
NaN NaN
-122.9133609999119 39.39988000032481
-122.9127369995728 39.39836499934525
NaN NaN
-122.9135159997225 39.39258499929175
-122.916280999794 39.39449799922035
NaN NaN
-122.9164470003737 39.3946709990006
-122.9171670000739 39.39530099786927
NaN NaN
-122.9176109995896 39.39568499916252
-122.9177239995675 39.39579799907913
NaN NaN
-122.9179010000178 39.39597699906389
-122.9205620003323 39.39811099898992
NaN NaN
-122.9206929998535 39.39822999890533
-122.9213430001319 39.39894299939067
NaN NaN
-122.9236370000251 39.40192700036236
-122.923345999772 39.40118999902948
-122.9228050001719 39.40046300030134
-122.9215010003156 39.39909799880344
NaN NaN
-122.9215040006887 39.39666699902401
-122.9218290003787 39.3969959978366
NaN NaN
-122.9220090003037 39.3971880003302
-122.9245309998026 39.39962699883196
NaN NaN
-122.9235630004053 39.3989709993817
-122.92455900029 39.39991199899136
-122.9273219998134 39.40344499894714
NaN NaN
-122.9248110001851 39.40194600033801
-122.925545999954 39.40349399784394
-122.9269220006786 39.40546499922278
NaN NaN
-122.9249400000565 39.40092199894885
-122.9255900003349 39.40229900036921
-122.9263210008041 39.40314899881648
NaN NaN
-122.9263960002488 39.40336899925859
-122.927488000393 39.40526799904404
-122.9285390014277 39.40666799877768
NaN NaN
-122.9281500003669 39.40112899879338
-122.9336300002812 39.40658700027448
NaN NaN
-122.9287200002793 39.40688699904114
-122.9302029993375 39.40869899905124
NaN NaN
-122.9292919998415 39.40676699774592
-122.9320979999209 39.4090109988979
NaN NaN
-122.9321769995636 39.40822299882034
-122.9327210004351 39.40893599918235
NaN NaN
-122.9328279996669 39.40907799939922
-122.9336949996802 39.40986099882787
-122.9357340002037 39.41087799926316
NaN NaN
-122.9336300002812 39.40658700027448
-122.9380849999983 39.40860399929677
NaN NaN
-122.9368079999062 39.37581899894138
-122.9357390002265 39.37398399780126
-122.9340989999112 39.37176399887691
NaN NaN
-122.9357410007747 39.44317799904007
-122.9352529999797 39.44619799937385
-122.9349190000689 39.44963299886587
-122.9348499995736 39.4525349997507
NaN NaN
-122.9524509999558 39.65972399786408
-122.9351520005957 39.6387769992848
NaN NaN
-122.9354050003157 39.40750999880285
-122.9376690000718 39.40915299896203
-122.9392769997017 39.40966199898115
NaN NaN
-122.9361429995593 39.40681399879838
-122.9375050000402 39.4076039991805
NaN NaN
-122.9361860001153 39.405911999372
-122.9376389999345 39.40633699939095
-122.9418500001525 39.40636299880827
NaN NaN
-122.937915999944 39.40841699919006
-122.9446729999503 39.41258599888642
NaN NaN
-122.9382579993524 39.43967999895954
-122.9384259995819 39.44020599931234
NaN NaN
-122.9384270003051 39.38526399885118
-122.9387659993405 39.38449399924482
-122.9389899996465 39.3826279992936
-122.9389079996307 39.37993399907496
-122.9385210000165 39.37679599894087
-122.9388599999502 39.37519699941346
-122.9398059996062 39.37294599884927
NaN NaN
-122.9388540001024 39.44071999931758
-122.9392409997167 39.44118199910884
NaN NaN
-122.9393289995802 39.40819699940234
-122.9438489995947 39.41089599875647
NaN NaN
-122.9394210014384 39.44126599880467
-122.9396240000313 39.44145099882649
NaN NaN
-122.9394290000376 39.41037899904408
-122.9413389997914 39.41145299936554
-122.9424739995933 39.41181899785538
NaN NaN
-122.9407050003048 39.44324499930539
-122.9402800001574 39.44220799891157
-122.9396839994074 39.44154599890926
NaN NaN
-122.9407839999476 39.44343099927953
-122.9410190001242 39.44455700038505
-122.9413270000958 39.44522599903102
NaN NaN
-122.9415159993434 39.44534499900247
-122.9420849994309 39.44596100037824
NaN NaN
-122.9422250000712 39.44611799925281
-122.9428069996792 39.44779899874021
-122.9438620000135 39.44992699879383
-122.9459980006214 39.45306899906385
NaN NaN
-122.9424769999663 39.40679099940964
-122.9427740000672 39.40767199912364
NaN NaN
-122.9425319993196 39.4055469992318
-122.9436989998069 39.40766499930606
NaN NaN
-122.9425969996169 39.66952699932978
-122.9487669999925 39.67498499932069
NaN NaN
-122.9429599998401 39.40825099786229
-122.9441110004339 39.41114900031983
-122.9453640002366 39.41286199934574
NaN NaN
-122.9454069998943 39.41297599929207
-122.9459090000346 39.41342599875765
NaN NaN
-122.9459090000346 39.41342599875765
-122.9492900000492 39.41752299934679
-122.9504149998054 39.42449599782408
-122.9508569996713 39.42826399902069
-122.9521809996191 39.43155699910276
NaN NaN
-122.9461690003256 39.45328499925928
-122.9465090000842 39.45372299886993
NaN NaN
-122.947977999797 39.4552439992738
-122.9465090000842 39.45372299886993
NaN NaN
-122.947977999797 39.4552439992738
-122.9488460014318 39.45591799876672
NaN NaN
-122.9481920000572 39.44967399787564
-122.9485610001282 39.45137799886453
-122.9486079999838 39.45241199937922
-122.9491729998733 39.45379799894501
-122.9491360000634 39.45453799886879
NaN NaN
-122.9507860004245 39.35900100028162
-122.9512489993084 39.36189999905719
-122.9518989995867 39.36402899872934
-122.9518870007895 39.36589199834602
-122.9516019985875 39.36692799786456
-122.951451999698 39.36822999887071
-122.951451999698 39.37009299892315
-122.9519189996782 39.37275599835631
-122.9520149999377 39.37615899875887
-122.9515500014039 39.3774889987413
-122.9513619992863 39.37858399917422
-122.9491300002156 39.38311099942046
-122.9487529997488 39.38432399935908
-122.9486409995958 39.38524099929985
-122.9512889985931 39.39722099916535
NaN NaN
-122.9569290001375 39.46358999887347
-122.953836000003 39.46070299917944
-122.9520500000978 39.45916499937767
-122.9501589997123 39.45671399912406
-122.9488460014318 39.45591799876672
NaN NaN
-122.9489829999025 39.45500499878785
-122.9489899995752 39.45550199888322
NaN NaN
-122.9493729998899 39.45428799934315
-122.9493789997377 39.45472199881731
NaN NaN
-122.9498249998015 39.45564399924963
-122.9515799997445 39.45742799879007
NaN NaN
-122.9509420000601 39.45793699927372
-122.9516910000726 39.46000999875876
NaN NaN
-122.9515799997445 39.45742799879007
-122.9514140000632 39.45635799879277
-122.9511219999851 39.45512599906386
NaN NaN
-122.9515029997516 39.45999099935162
-122.9516280003234 39.46036199939435
NaN NaN
-122.9515479999575 39.45896199900032
-122.9518760000205 39.459548999159
-122.9518440002335 39.46010799883081
NaN NaN
-122.9530429996095 39.45904899982902
-122.9515799997445 39.45742799879007
NaN NaN
-122.9517290006058 39.46054399899327
-122.9520590003187 39.46122299897911
NaN NaN
-122.9521709995733 39.46137799931488
-122.9525430000173 39.46227599908897
NaN NaN
-122.9552749995785 39.4375419977716
-122.9549309996219 39.4366799997305
-122.9534369997948 39.43430899879059
-122.9521809996191 39.43155699910276
NaN NaN
-122.9527160002697 39.4624579992313
-122.9541780003098 39.46415399896174
NaN NaN
-122.9543309995723 39.46433899781812
-122.9548210000171 39.46504899885398
NaN NaN
-122.9549520004366 39.46525099877647
-122.9562379998513 39.46693699894762
-122.9586710005601 39.47105399910247
NaN NaN
-122.9572039995988 39.44446299781021
-122.9564599996091 39.44261899939812
-122.9555949992456 39.43955499934539
-122.9550610002166 39.43816299884662
NaN NaN
-122.9552600004082 39.43752999876551
-122.9557529994294 39.43877799880541
NaN NaN
-122.961112999693 39.42327699928702
-122.9605760002909 39.42120699914724
-122.9588189997997 39.41688899839146
-122.9567519996872 39.4103219990533
NaN NaN
-122.9569290001375 39.46358999887347
-122.9586009993415 39.46608600028208
NaN NaN
-122.9571720007101 39.44443799906714
-122.9572999998583 39.44568799876176
NaN NaN
-122.9572999998583 39.44568799876176
-122.9573960001178 39.44653799886308
NaN NaN
-122.9573960001178 39.44653799886308
-122.9582339998188 39.44763899930993
NaN NaN
-122.9581220005641 39.44481299938892
-122.9583079994386 39.44522999895174
NaN NaN
-122.9581539985545 39.45782599910267
-122.9592219993076 39.45986599874229
NaN NaN
-122.9582339998188 39.44763899930993
-122.9585239993486 39.44853899930045
NaN NaN
-122.9585160007494 39.44577099894718
-122.9592940001759 39.44864999901836
NaN NaN
-122.9594249996972 39.45138999895324
-122.9590709996948 39.45006499909639
-122.9585239993486 39.44853899930045
NaN NaN
-122.9586009993415 39.46608600028208
-122.9589350001507 39.46644299873294
NaN NaN
-122.9589719999606 39.46004399918156
-122.9590980003573 39.46050799929327
NaN NaN
-122.959141000015 39.46078699890865
-122.9596359995844 39.46183799919613
NaN NaN
-122.9591719999772 39.44697500038168
-122.9594049996057 39.44793599881002
NaN NaN
-122.9593239994148 39.44638499940243
-122.9597640014275 39.44787099878012
NaN NaN
-122.9596020001475 39.4524389977876
-122.9594249996972 39.45138999895324
NaN NaN
-122.9595860002539 39.45244099892808
-122.9608429993563 39.45321599921191
NaN NaN
-122.9600360014141 39.45501699894503
-122.9596020001475 39.4524389977876
NaN NaN
-122.9618409997892 39.45706799940169
-122.9608409997065 39.45706699924477
-122.9603579998327 39.45691699912142
-122.9597450002626 39.45641700030617
-122.9597129995773 39.4560919989077
-122.9600360014141 39.4553669988036
-122.9600360014141 39.45501699894503
NaN NaN
-122.9599929999597 39.44554099936911
-122.9601969992759 39.445942998841
NaN NaN
-122.9601550003414 39.46174099887558
-122.9608959999581 39.46331599904023
NaN NaN
-122.9602630002965 39.44614199777264
-122.9605520000015 39.44685399911981
NaN NaN
-122.9630030002536 39.45561799879387
-122.9615529999091 39.45374199929425
-122.9608429993563 39.45321599921191
NaN NaN
-122.960972000126 39.46350999931715
-122.9620390001559 39.4655779990904
NaN NaN
-122.961405999596 39.46910799932549
-122.9620080001937 39.47019599899939
-122.9629309993853 39.47139699841001
-122.9664870002004 39.47496199880769
NaN NaN
-122.9633260002938 39.45631800041861
-122.9628939995753 39.456854998939
-122.9618409997892 39.45706799940169
NaN NaN
-122.9621659985809 39.46598099941016
-122.9631489998435 39.46774099884297
NaN NaN
-122.9630030002536 39.45561799879387
-122.9654629998282 39.46070700029173
NaN NaN
-122.9632619998214 39.46788099920344
-122.9635490007749 39.46840599874007
NaN NaN
-122.9635229999373 39.67407999905372
-122.9682980002199 39.68071699911019
-122.9837019998949 39.69379299926402
-122.996250999985 39.70809699897104
NaN NaN
-122.9636390002882 39.46853099926776
-122.9644190002629 39.47001399898321
NaN NaN
-122.971991000404 39.43732299876008
-122.9666160000718 39.4292789990986
-122.9648259999687 39.4272099987928
NaN NaN
-122.9654629998282 39.46070700029173
-122.9664239995529 39.4628149989551
NaN NaN
-122.9664239995529 39.4628149989551
-122.9711870001399 39.47425999973186
NaN NaN
-122.9668930000813 39.47536199918252
-122.9677839985874 39.47609899901624
NaN NaN
-122.9673929996735 39.47633899906153
-122.9689280004067 39.47741199932764
-122.9698599998191 39.47830399901484
NaN NaN
-122.9729219999915 39.45365199884466
-122.9722289991571 39.44986599888961
-122.9717689997479 39.44809099890323
-122.9709279996738 39.44584399932101
-122.9676889999494 39.44225799937718
NaN NaN
-122.9677500000488 39.47502099980501
-122.9688999999193 39.47570300035557
-122.9704880003561 39.47720199901887
-122.9737839999819 39.48120799882611
-122.9756239994154 39.48388499895511
NaN NaN
-122.9694399996945 39.46916499907998
-122.9724889994481 39.47261399891175
NaN NaN
-122.9700010002844 39.47851199976613
-122.9710930004286 39.48029199902566
-122.9721910004206 39.48163899881115
-122.9753589999999 39.48402199941357
NaN NaN
-122.9711870001399 39.47425999973186
-122.9717720001209 39.47575099917863
-122.9733599996594 39.4783769978626
-122.9745719985559 39.48116599777904
-122.9761640000889 39.48509699922523
-122.9777230002134 39.48732899904611
NaN NaN
-122.9731389997264 39.4732919990938
-122.9761280001039 39.4754389993027
-122.9778050002291 39.47669099892452
-122.9801769999402 39.47884899929634
NaN NaN
-122.9777230002134 39.48732899904611
-122.9793220014191 39.49058299937637
-122.9812009994141 39.49300099980808
-122.9826410006111 39.49464399904255
-122.983961000361 39.49566699884431
-122.9861609996446 39.49678299922974
-122.9882809985623 39.49761999919866
-122.9904810014392 39.50043999896269
-122.9931300002614 39.50305999930078
-122.99504099984 39.50542999915111
-122.9957210002556 39.50648399910946
-122.997241000022 39.50787899905693
-122.9997620005943 39.51066799940855
NaN NaN
-122.9804060002691 39.42758799923725
-122.9811350001901 39.43146299910467
-122.9817489995852 39.43353399900652
-122.983961000361 39.43737699894147
NaN NaN
-122.9804930003077 39.47907599885998
-122.9826360005883 39.48070299933063
NaN NaN
-122.9830409997459 39.4811039990925
-122.9850229985713 39.4825759993524
NaN NaN
-122.9850350000635 39.49294999940796
-122.9869959998709 39.4939529990233
-122.9901319996631 39.49592799780029
-122.9935600004317 39.49867999781112
NaN NaN
-122.9851430000186 39.43918099887714
-122.9856769999459 39.44033499934757
-122.9871640001004 39.44237499882789
-122.9882300003053 39.44355799888328
-122.9893530004117 39.44456399927286
NaN NaN
-122.9855889991841 39.4830049989183
-122.9873759998125 39.48485299778229
NaN NaN
-122.9878919992982 39.48554099887036
-122.9897199999345 39.48744999927694
NaN NaN
-122.9903669998398 39.48800299907841
-122.9928829985926 39.49039399879928
-122.9950519997107 39.49290799782697
-122.9990920002245 39.49646299923697
NaN NaN
-122.9935390014137 39.49157599909557
-122.9970820000134 39.49778499873374
-122.9986189985999 39.49987799892796
NaN NaN
-122.9955229998889 39.49997299898288
-122.9935600004317 39.49867999781112
NaN NaN
-123.0406279995994 39.74865299898712
-123.0276609999328 39.73895899891506
-123.02081100004 39.73466099934247
-123.0096300002786 39.72628599891764
-123.0007160006463 39.71882999938347
-122.9941289996209 39.71376099777779
NaN NaN
-123.0011450000934 39.50511599903064
-122.9973120001671 39.50148499922477
-122.9955229998889 39.49997299898288
NaN NaN
-123.0290599993254 39.5433740003273
-123.0263859985921 39.54040699905968
-123.019925999585 39.53512500038733
-123.0164180002471 39.53308699894451
-123.0121539994273 39.53092599921752
-123.0053400004178 39.52715799884746
-123.0016350014365 39.52524399900285
-122.9968530005828 39.52252599878294
NaN NaN
-123.0011380004207 39.50299499877152
-123.0005109997086 39.5023799991795
-122.9987480002679 39.4999079990323
NaN NaN
-122.9999619997126 39.51224900030731
-123.0036030000182 39.51544099914663
-123.0079649998489 39.51792000026924
-123.0116869994471 39.51980999879887
NaN NaN
-123.0011350000476 39.50520399913687
-123.0020899999245 39.50596599898787
NaN NaN
-123.0013919999656 39.50350199893077
-123.0021669999174 39.50424699927596
NaN NaN
-123.0025549993566 39.50461799897634
-123.0033569999709 39.50546199924703
NaN NaN
-123.0028299997162 39.50655499928686
-123.0042480002736 39.50759099936305
NaN NaN
-123.0037710002477 39.5057740002767
-123.0056810000014 39.50733899891165
NaN NaN
-123.0042249998091 39.52684999900151
-123.0094130014419 39.53429999873826
NaN NaN
-123.0063439998002 39.50786899924638
-123.0088660001974 39.5094489992836
NaN NaN
-123.0133750003413 39.51482699884261
-123.0115849993398 39.51328099917609
-123.0105819997824 39.51219000040229
-123.0090379997266 39.51027999937735
-123.0087630002653 39.50976799899954
NaN NaN
-123.0114499996206 39.5376689993272
-123.0094130014419 39.53429999873826
NaN NaN
-123.0114499996206 39.5376689993272
-123.0136840001377 39.54126600037326
-123.0177990000963 39.54740599916776
-123.0194750003966 39.54916799927827
-123.0243009998346 39.55312199874136
-123.0258979995938 39.55519299940462
-123.0283340006757 39.55769499913778
NaN NaN
-123.0116869994471 39.51980999879887
-123.0133679997703 39.52120499935674
NaN NaN
-123.017729999601 39.52306399888359
-123.0165689998598 39.5225679984024
-123.0146880004184 39.52160799887504
-123.0133679997703 39.52120499935674
NaN NaN
-123.02303199924 39.52648300032366
-123.020522000335 39.52341499928124
-123.0164469996611 39.51804899901133
-123.0138409995983 39.51533699933694
NaN NaN
-123.0307100005847 39.54565599978952
-123.0297039997559 39.54419799913305
-123.0294240002717 39.54317599927908
-123.0290629996984 39.54097499885687
-123.0278209997664 39.53772199884771
-123.0248559996783 39.53170999886716
-123.023335000087 39.52904499874741
-123.0210930000723 39.52603899889046
-123.017729999601 39.52306399888359
NaN NaN
-123.02303199924 39.52648300032366
-123.0245400002092 39.52810799889573
NaN NaN
-123.0283340006757 39.55769499913778
-123.0305280001115 39.55945599897198
-123.0345559991331 39.56189499932301
-123.0387420001351 39.56411699894456
-123.0399389998613 39.56495099922497
-123.0413360014007 39.56634099933198
NaN NaN
-123.0305620004467 39.54539900030898
-123.0355519999162 39.54697099940866
NaN NaN
-123.032780000172 39.54771599903579
-123.0307100005847 39.54565599978952
NaN NaN
-123.032780000172 39.54771599903579
-123.0378080001746 39.5521769990281
-123.039360999553 39.55294899980989
NaN NaN
-123.0328420000963 39.54783599917148
-123.0334669993619 39.54882099905142
NaN NaN
-123.0680320002668 39.59578099786598
-123.0642060000133 39.59325199928584
-123.0569269997751 39.58943599915536
-123.0524260000272 39.5877199992421
-123.047923999556 39.58552599910728
-123.044716000692 39.58352199885413
-123.0416300002302 39.58065599879908
-123.0384769998212 39.57724099895029
-123.0359360000557 39.57383299882965
-123.033657000231 39.56984499932415
NaN NaN
-123.0339350000654 39.54942999903027
-123.0350919996086 39.55136099879666
-123.0360589991811 39.55334399874395
NaN NaN
-123.0444230007891 39.55154499885845
-123.0415769996284 39.55063099900554
-123.0399880002651 39.54977299883882
-123.0371040003679 39.54768599879625
-123.0355519999162 39.54697099940866
NaN NaN
-123.036582999961 39.55422899883482
-123.0379210001525 39.55666799875767
NaN NaN
-123.0383390006273 39.55731599888088
-123.0389920003803 39.55843699902104
NaN NaN
-123.0390450000838 39.55851599938673
-123.0393849998424 39.55906599920205
NaN NaN
-123.0399870004402 39.56008799840376
-123.0410680007137 39.56242999895614
NaN NaN
-123.0414100001222 39.56307999929995
-123.0421909999218 39.56493499938036
-123.0432510002789 39.56810499898671
-123.0438470001306 39.56914499875524
NaN NaN
-123.0954590013988 39.78861199890596
-123.0700790002879 39.7711679994004
-123.0419850000574 39.74999399875732
NaN NaN
-123.0438470001306 39.56914499875524
-123.0454079999049 39.57195799873344
NaN NaN
-123.0444230007891 39.55154499885845
-123.0453980007574 39.55254899916736
NaN NaN
-123.0446779992606 39.5571709987356
-123.0452310003529 39.55832499920751
-123.0469679998542 39.56644500030213
NaN NaN
-123.0453980007574 39.55254899916736
-123.0469009999071 39.55408999935113
NaN NaN
-123.0454710005524 39.57208099883487
-123.0460769995515 39.57329999897424
NaN NaN
-123.0461450002218 39.5734719992104
-123.0464079999876 39.57400399926862
NaN NaN
-123.046496999676 39.57416699973579
-123.0472369985694 39.57585999913653
NaN NaN
-123.0469009999071 39.55408999935113
-123.0493420001134 39.55577999894081
NaN NaN
-123.0469679998542 39.56644500030213
-123.0474099997201 39.56793299928488
NaN NaN
-123.0474099997201 39.56793299928488
-123.047931000127 39.56904799927528
NaN NaN
-123.0489749996923 39.57239499875719
-123.047931000127 39.56904799927528
NaN NaN
-123.0489749996923 39.57239499875719
-123.0493360002657 39.57363399898628
-123.0501389998066 39.57595799930326
-123.051679998591 39.57800899918992
-123.0543719997659 39.58064199933699
-123.0642999997246 39.58799299912891
-123.0682280000854 39.5907179988941
NaN NaN
-123.0493420001134 39.55577999894081
-123.0497839999793 39.55629299889029
NaN NaN
-123.0503639999374 39.55676299940877
-123.0508619998798 39.55789499910927
-123.0508900003672 39.55883499879967
NaN NaN
-123.0682280000854 39.5907179988941
-123.0730450002008 39.59973299919838
NaN NaN
-123.0690339999994 39.59570699893001
-123.0702779995812 39.59716299893991
-123.0715610004194 39.59837099872773
NaN NaN
-123.0715610004194 39.59837099872773
-123.0748489996494 39.60165399897677
NaN NaN
-123.0748489996494 39.60165399897677
-123.0778159993872 39.6037279990484
-123.0787790005583 39.6042859989259
-123.0794210004407 39.60518399932
-123.0813460002631 39.60691799919481
NaN NaN
-123.0813460002631 39.60691799919481
-123.0897659992526 39.61171599940032
NaN NaN
-123.1043649997369 39.62069099914411
-123.1039629991557 39.62010299927112
-123.1027589997568 39.61886400028666
-123.1021169998744 39.61818299986361
-123.101354999443 39.61762599911173
-123.0975850001643 39.61549000030158
-123.0970229997495 39.61493299933093
-123.0962199993103 39.61369399914581
-123.0951780002931 39.61322999836734
-123.0914900001318 39.61220999927157
-123.0902870005579 39.61202499895519
-123.0897659992526 39.61171599940032
NaN NaN
-123.1634459994175 39.82692599910481
-123.1413660008253 39.81499999880052
-123.1316799998176 39.80888699915943
-123.1221900004251 39.80411699921203
-123.108835000421 39.79677199900576
-123.0971490001462 39.78952399882947
NaN NaN
-123.105569999859 39.62242599935767
-123.1048869999687 39.62131099882892
NaN NaN
-123.105569999859 39.62242599935767
-123.1072589996798 39.6268249993814
NaN NaN
-123.1072589996798 39.6268249993814
-123.1077020002689 39.62756799930952
-123.1085039999849 39.6280639990586
NaN NaN
-123.1081440001348 39.62859099900404
-123.109268000066 39.62942599938484
NaN NaN
-123.109268000066 39.62942599938484
-123.110109999965 39.62982899775367
NaN NaN
-123.110109999965 39.62982899775367
-123.1113149991888 39.63146999913734
NaN NaN
-123.1113149991888 39.63146999913734
-123.1136840003235 39.63413299933374
NaN NaN
-123.1136840003235 39.63413299933374
-123.1191929996517 39.64454099890987
-123.1202789999482 39.64683299776127
-123.1217699994022 39.65267799930535
-123.1223369998399 39.65439299935513
-123.1229029995543 39.65665499932977
-123.123024999753 39.65767699896365
-123.1229460001103 39.65820399873851
-123.1236330001986 39.66164399927816
NaN NaN
-123.1950470000592 39.6883459990157
-123.1876869996302 39.683916999006
-123.1821249997002 39.68153999876237
-123.1771829999113 39.67968700028016
-123.1732900006089 39.67783099917281
-123.1682819997995 39.67526000033045
-123.1564770005973 39.6688319988025
-123.1511010004401 39.66606999921509
-123.1449219998438 39.66263999940811
-123.1408409993221 39.66001799878593
-123.1363310002517 39.65763599890455
-123.132253000103 39.65525399923052
-123.1265659996012 39.65091299919626
-123.1204439998046 39.64552099933351
NaN NaN
-123.1225499993769 39.63858699786701
-123.1219460000276 39.63719299920258
NaN NaN
-123.1225499993769 39.63858699786701
-123.1246009995959 39.64224199906251
NaN NaN
-123.1236330001986 39.66164399927816
-123.1250030001772 39.66505099900645
NaN NaN
-123.1246009995959 39.64224199906251
-123.1254440002181 39.64286099907375
-123.1260869999254 39.6436659992461
NaN NaN
-123.1250030001772 39.66505099900645
-123.1252839985879 39.66539199926036
NaN NaN
-123.1252839985879 39.66539199926036
-123.1256860000674 39.66594899921111
-123.1296629999337 39.66991199891092
-123.136977000332 39.6776509988366
NaN NaN
-123.1257079998087 39.67388699914517
-123.1259329999396 39.66757399924918
NaN NaN
-123.1274109998732 39.64428399873332
-123.1266869999751 39.64319999902709
-123.1259639999018 39.64214699937386
NaN NaN
-123.1302149994045 39.67516799834448
-123.1296539997129 39.67363999893773
-123.127232999598 39.66910199937514
NaN NaN
-123.128536998556 39.64642099983972
-123.1276920000806 39.64487299877103
NaN NaN
-123.128536998556 39.64642099983972
-123.129139999877 39.64738099899584
NaN NaN
-123.131620999368 39.66597399916073
-123.130093000104 39.66371299916625
-123.1288869992587 39.66213399895445
NaN NaN
-123.1323560000352 39.65168599926793
-123.1306680000393 39.64992099873187
-123.1297829995844 39.64837299786257
-123.129139999877 39.64738099899584
NaN NaN
-123.147548999823 39.68874199905638
-123.1452590001277 39.68678599936074
-123.1429679997091 39.68454399906697
-123.1400600004208 39.68215899876516
-123.1340549999017 39.6763859990471
-123.1326929994208 39.67476299911733
-123.1313290001883 39.6728529987635
NaN NaN
-123.131620999368 39.66597399916073
-123.1323439994413 39.66680999896078
NaN NaN
-123.1321839996077 39.66659299898383
-123.137370999619 39.67393199913265
-123.1409520014468 39.6795369984173
NaN NaN
-123.1325159998688 39.65187099937582
-123.1335209999743 39.65317199931896
NaN NaN
-123.1337219998158 39.65351299939978
-123.134084000214 39.65406999896028
NaN NaN
-123.1384649994131 39.6792609988121
-123.136977000332 39.6776509988366
NaN NaN
-123.1384649994131 39.6792609988121
-123.1394290004091 39.68003499886725
NaN NaN
-123.1426339997982 39.677705999354
-123.1414560003386 39.67608399840493
-123.1403990003545 39.67374299940314
-123.1385270002356 39.66791299834205
NaN NaN
-123.1394290004091 39.68003499886725
-123.1405950001731 39.68139699876577
-123.1433259999094 39.6833459993118
NaN NaN
-123.1448909998816 39.68362299884265
-123.142679999829 39.68133299911615
-123.1412339996825 39.68015699879913
NaN NaN
-123.1505049996902 39.67152199880584
-123.1478469997488 39.66990199894895
-123.1470429985864 39.66918699929862
-123.1448760007113 39.66679999924128
-123.1418449996028 39.66451099902912
NaN NaN
-123.1433259999094 39.6833459993118
-123.1442900000071 39.68396499902666
NaN NaN
-123.1442900000071 39.68396499902666
-123.1449330006127 39.6844599990219
NaN NaN
-123.1449330006127 39.6844599990219
-123.14557600032 39.68483099919877
NaN NaN
-123.14557600032 39.68483099919877
-123.1477849998245 39.68668799913895
-123.1510409992674 39.6895039988819
NaN NaN
-123.1510119998534 39.69112599916112
-123.147548999823 39.68874199905638
NaN NaN
-123.1633410007338 39.70391399783827
-123.1590710000662 39.70091099931835
-123.1565329997755 39.69886000037946
-123.1547369998246 39.69709499937952
-123.15139099997 39.6934199998223
-123.1487289998307 39.69098699787238
-123.1477990000682 39.68979399784526
-123.147548999823 39.68874199905638
NaN NaN
-123.1530410003311 39.67323899897918
-123.1505049996902 39.67152199880584
NaN NaN
-123.1523170004329 39.67754299923936
-123.1521890003864 39.67639599876188
-123.1518770002169 39.67534499889994
-123.1505049996902 39.67152199880584
NaN NaN
-123.1814020014235 39.71429699933291
-123.178988999908 39.71277199907536
-123.1705720003931 39.70681500040222
-123.1656849999575 39.70376599896546
-123.1622799996534 39.70128699934133
-123.1588760000726 39.69847299877573
-123.1559660002361 39.69584899896338
-123.1510119998534 39.69112599916112
NaN NaN
-123.1510409992674 39.6895039988819
-123.1585560004054 39.69578499888497
-123.1604879999005 39.6982309987276
-123.1622169999042 39.69980899896838
-123.1634239996762 39.70138799916199
NaN NaN
-123.1605249997104 39.67871999885843
-123.1589150004307 39.67714599882684
-123.1561329997424 39.67543199899497
-123.1530410003311 39.67323899897918
NaN NaN
-123.1814150000457 39.68852300036202
-123.1770259995525 39.68642899882155
-123.1688669997805 39.68223999911451
-123.1636750006447 39.67986199881535
-123.1605249997104 39.67871999885843
NaN NaN
-123.1870059993897 39.6974519993683
-123.1779110000075 39.69149599922842
-123.1643000008086 39.68196399925012
-123.1605249997104 39.67871999885843
NaN NaN
-123.1807460003991 39.71960599905982
-123.173318000198 39.71426799928317
-123.1708400001817 39.71207399929227
-123.1667500003375 39.70768399936138
-123.1654470003061 39.7058699987527
-123.1633410007338 39.70391399783827
NaN NaN
-123.1634239996762 39.70138799916199
-123.1649109998306 39.70231499786555
NaN NaN
-123.2149749999467 39.85912899909577
-123.2091629997715 39.85584899919778
-123.1990939993474 39.85122899882243
-123.1911520002087 39.84645799908603
-123.1826280005638 39.84108999879835
-123.1721659997793 39.83363500035843
-123.1638349995799 39.82722299840405
NaN NaN
-123.1694509999366 39.70512899934511
-123.1669970002097 39.70249799910594
NaN NaN
-123.1721829985995 39.7063339992844
-123.17053399986 39.70494199938619
NaN NaN
-123.2128860000928 39.70360199879768
-123.2069480004192 39.70046199778898
-123.1996470004397 39.69598599910459
-123.188385999414 39.68864999913079
-123.181769999873 39.68507899912034
-123.1755869999769 39.68150799901128
NaN NaN
-123.1759350001315 39.69861099937155
-123.1809959997461 39.7008660003235
-123.1847879996644 39.70339299881979
-123.189860000048 39.70581099912875
-123.1956789998959 39.71012899905386
-123.198130000148 39.71111699907052
-123.2031139997697 39.71414500029478
NaN NaN
-123.2084549997668 39.74564499914723
-123.1976489999241 39.74528999881847
-123.1880790001657 39.74512299885225
-123.183326001421 39.74518199938289
-123.1784469995847 39.74509699909405
NaN NaN
-123.2118849992869 39.73989799900457
-123.2059430003136 39.73651899887613
-123.2045819996576 39.73585299916716
-123.2014249999489 39.73385299879658
-123.1980829993941 39.73209199973023
-123.1900980005977 39.7271389988838
-123.1883020006467 39.72580399910109
-123.1843990004003 39.72237099934577
-123.1807460003991 39.71960599905982
NaN NaN
-123.190813000275 39.72106399930367
-123.1891459992972 39.72111599897813
-123.1879109999362 39.72102399936796
-123.1807460003991 39.71960599905982
NaN NaN
-123.1841430003073 39.70596999874975
-123.1810469997997 39.7035389990595
NaN NaN
-123.1974389998618 39.72606899930545
-123.190813000275 39.72106399930367
-123.1888929995772 39.71972999781074
-123.1845620006069 39.71720599886632
-123.1814020014235 39.71429699933291
NaN NaN
-123.1858770003339 39.70735299927169
-123.1841430003073 39.70596999874975
NaN NaN
-123.1848569992614 39.81594700031901
-123.2075979997992 39.8276009991675
-123.2258889997444 39.83968199982998
NaN NaN
-123.199072999431 39.71903499885283
-123.1985119997394 39.7176499992523
-123.1977659992016 39.71645599934207
-123.19677299969 39.71526299938444
-123.1944179996973 39.71311799896723
-123.1908869998949 39.71020899910047
-123.1884740001759 39.7087329990636
-123.1858770003339 39.70735299927169
NaN NaN
-123.199072999431 39.71903499885283
-123.1933139998575 39.7146499991756
-123.1882930004259 39.70959399894908
-123.1858770003339 39.70735299927169
NaN NaN
-123.188801000414 39.69878599901904
-123.1870059993897 39.6974519993683
NaN NaN
-123.1962909996411 39.70412300038497
-123.188801000414 39.69878599901904
NaN NaN
-123.215650999266 39.7399359992832
-123.2090230000294 39.73507599897204
-123.2046260000385 39.73212299917971
-123.1974389998618 39.72606899930545
NaN NaN
-123.205455000417 39.72446999879237
-123.199072999431 39.71903499885283
NaN NaN
-123.2005679999814 39.70801299786855
-123.2078060002117 39.71320699899231
NaN NaN
-123.2225589997834 39.73857899877866
-123.2193979998768 39.7358619989634
-123.2123329998989 39.73028599936013
-123.2089870000444 39.72732999903067
-123.205455000417 39.72446999879237
NaN NaN
-123.2078060002117 39.71320699899231
-123.2090550007147 39.71484799934382
-123.2105439996207 39.71605399940191
NaN NaN
-123.2177159997287 39.74576399940463
-123.2146900004397 39.74562799879772
-123.2084549997668 39.74564499914723
NaN NaN
-123.211590999559 39.7172909983117
-123.2130790004367 39.71821799894049
NaN NaN
-123.2186239997499 39.74453699899902
-123.2158339995641 39.74200999925171
-123.2140979998877 39.74062899919867
-123.2119930001402 39.73929599932075
NaN NaN
-123.2181459998991 39.70688799935932
-123.2128860000928 39.70360199879768
NaN NaN
-123.2130790004367 39.71821799894049
-123.2147680002575 39.71939299917481
NaN NaN
-123.2136730006385 39.71589299906959
-123.2163699991413 39.71830499890777
NaN NaN
-123.2147680002575 39.71939299917481
-123.2160130005626 39.71991699914416
-123.216936999579 39.72016399893843
NaN NaN
-123.2163699991413 39.71830499890777
-123.2163709998645 39.71883199837345
NaN NaN
-123.2163709998645 39.71883199837345
-123.2174600014323 39.72133999898783
-123.2195590004336 39.72431199873488
-123.2213310000951 39.72629199938435
-123.2228500000366 39.72880999923055
NaN NaN
-123.2579160003585 39.88355800040392
-123.2555350004266 39.88218599905591
-123.2504920003554 39.87852299883077
-123.2254040002208 39.86512399929136
-123.2164820001926 39.85963799905428
NaN NaN
-123.223419999949 39.71270699886809
-123.2232379985774 39.71342500030017
-123.2228700001281 39.71385599921316
-123.2223170008324 39.71428799879455
-123.2213920001945 39.7144339987836
-123.2206499998546 39.71424499935417
-123.2184209993603 39.71267299781034
-123.2179870007887 39.71214799884162
-123.2173629995513 39.71071499911198
-123.217420000351 39.7099019993495
NaN NaN
-123.217420000351 39.7099019993495
-123.2177269995994 39.70942299897455
-123.218402999817 39.7089909993333
NaN NaN
-123.2207390004414 39.70827699940954
-123.2181459998991 39.70688799935932
NaN NaN
-123.218402999817 39.7089909993333
-123.2197580006252 39.70846099934169
-123.2207390004414 39.70827699940954
NaN NaN
-123.2310790001288 39.71397699889517
-123.2297800002953 39.71340700037676
-123.2207390004414 39.70827699940954
NaN NaN
-123.2271490001181 39.71800399906212
-123.2213920001945 39.7144339987836
NaN NaN
-123.2302880002834 39.71627399975912
-123.2235429999726 39.71261099937487
-123.2218109995958 39.71185099884409
NaN NaN
-123.2231710004269 39.72930599785478
-123.2241410003724 39.73025999884026
NaN NaN
-123.2241410003724 39.73025999884026
-123.224994000142 39.73109400026613
NaN NaN
-123.224994000142 39.73109400026613
-123.22689399985 39.73255399937442
NaN NaN
-123.22689399985 39.73255399937442
-123.2269309996599 39.7321349990966
-123.2265790002057 39.73088200029842
NaN NaN
-123.22689399985 39.73255399937442
-123.2274040003863 39.73458299924966
-123.2274099993357 39.73649499918512
-123.2277290000763 39.73962999877122
NaN NaN
-123.3021769996219 39.79392399918027
-123.298156000273 39.78879499887699
-123.2963450002535 39.78609499928609
-123.2947319997024 39.7828930003767
-123.2914070006625 39.77695099897656
-123.2890949994293 39.77390499897405
-123.287339998588 39.77243999972892
-123.2790100000101 39.76453799899363
-123.2749009998993 39.76161099920437
-123.2700310000804 39.7563669993992
-123.2677089996997 39.75421799934461
-123.2656640002268 39.75177999894829
-123.2641439995621 39.74940699880479
-123.2621650002114 39.74496599931314
-123.2581249996976 39.73991099917497
-123.2565110002199 39.73828999924098
-123.2498799997119 39.73362299885022
-123.2447420001044 39.73081699919688
-123.2417119997191 39.72967799914449
-123.2362679997898 39.72725499877929
-123.2344099999147 39.72592199933612
-123.232487999567 39.72430099929021
-123.2302509995752 39.72119999932615
-123.2282650005518 39.71890999901293
-123.2271490001181 39.71800399906212
NaN NaN
-123.2277290000763 39.73962999877122
-123.2282780000723 39.74159899935157
-123.2287440002276 39.74234499886294
-123.2309560001051 39.74443099939383
-123.2405049999471 39.75384799933391
NaN NaN
-123.2280139995833 39.7180499991695
-123.2278229997876 39.71719000034909
-123.2280060000857 39.71651999890666
-123.2286830001282 39.71627899776461
-123.2302880002834 39.71627399975912
NaN NaN
-123.2320830004094 39.71732099902583
-123.2302880002834 39.71627399975912
NaN NaN
-123.2390699996712 39.71993099876174
-123.2318870005908 39.71516999898299
NaN NaN
-123.3065900004046 39.78910499921471
-123.3048000003015 39.78721099883023
-123.3031280001991 39.78513399920946
-123.2965550003158 39.77578299890711
-123.2893940000783 39.76778000028094
-123.2804909994184 39.75965699921311
-123.2711859999738 39.75025099929306
-123.2677880002408 39.74585699929433
-123.2652999992804 39.74237399884751
-123.2609519996934 39.73755799884538
-123.2554299999463 39.73226799838073
-123.2426049996717 39.7232209993584
-123.2395070004126 39.7208389992771
NaN NaN
-123.2405049999471 39.75384799933391
-123.2419399993247 39.75477099941278
NaN NaN
-123.2474899995591 39.75839900035685
-123.2419399993247 39.75477099941278
NaN NaN
-123.2474899995591 39.75839900035685
-123.248047999776 39.75904099887313
NaN NaN
-123.264372999891 39.77597899874702
-123.248047999776 39.75904099887313
NaN NaN
-123.2725500001046 39.8898939991967
-123.2700109999889 39.88849199932895
-123.2593049997054 39.88425900026228
-123.2579160003585 39.88355800040392
NaN NaN
-123.2612479999694 39.86891200026647
-123.2700700004385 39.87579399878825
-123.273488000263 39.87887799905064
-123.2823940003977 39.88761199886319
-123.2848179999874 39.88968799902794
-123.2941119995613 39.89695299899049
-123.2979269999442 39.90029599939655
-123.2988610008029 39.90092199780937
-123.3001879993272 39.90120999927785
-123.3014740014368 39.9012069987448
-123.3027400007599 39.90105199973717
-123.3035890003316 39.90069899915487
-123.3051679996492 39.89979299909871
NaN NaN
-123.3225029998926 39.90009299937135
-123.3148330007405 39.89423699911635
-123.3040060000831 39.88744899893584
-123.2963390004057 39.88113999920292
-123.2907149996531 39.87497499894112
-123.2880560007852 39.87238899879799
-123.284547000724 39.86980799902155
-123.2805860007513 39.86668699894474
-123.2787799998563 39.86502999876468
-123.2742599998418 39.8599409987935
-123.2703399998769 39.85484999874456
-123.2644130000739 39.84775499913599
-123.2616029997966 39.84505599892045
NaN NaN
-123.2639440004439 39.77611599919133
-123.2641079995771 39.77713800039672
NaN NaN
-123.264372999891 39.77597899874702
-123.2645969992986 39.77700699872783
NaN NaN
-123.2645969992986 39.77700699872783
-123.2652809999122 39.77928899902095
NaN NaN
-123.2652809999122 39.77928899902095
-123.2659760003963 39.78247999875276
NaN NaN
-123.2983300003503 39.7938929978608
-123.2925669996805 39.79007999890862
-123.2883559985642 39.78688299886818
-123.2860070002159 39.78487999917474
-123.280985999886 39.78094899939551
-123.2771740007745 39.77755699901688
-123.2739619999159 39.77439599888475
-123.2665370000879 39.76768999907442
NaN NaN
-123.2674580014262 39.78136099884874
-123.2667310002566 39.78018499779556
NaN NaN
-123.2674580014262 39.78136099884874
-123.2691380001278 39.78377499940643
-123.2697230001088 39.78532199935965
NaN NaN
-123.2697230001088 39.78532199935965
-123.2704489996569 39.78606399927043
NaN NaN
-123.2704489996569 39.78606399927043
-123.2751980000002 39.79220599908367
NaN NaN
-123.2725500001046 39.8898939991967
-123.2909339999362 39.90289499907071
-123.3053340002289 39.91402799930365
-123.3095200003325 39.91665899901876
-123.3130150001499 39.91922299940457
-123.3198490001493 39.92523799928347
-123.3212800002272 39.92627599908214
-123.3223899999147 39.92664099781188
-123.3266279998969 39.92736699874662
-123.3281329995947 39.92773100036533
-123.3307110000684 39.92885799902579
-123.3335680002014 39.9304739993479
NaN NaN
-123.2751980000002 39.79220599908367
-123.2759640006295 39.79300999932072
NaN NaN
-123.2759640006295 39.79300999932072
-123.2771340005915 39.79424699875985
NaN NaN
-123.2771340005915 39.79424699875985
-123.2812139985933 39.79981599918847
-123.2825029992794 39.80046299880999
-123.2858840001923 39.80209699939172
-123.2892710000547 39.80478499921894
NaN NaN
-123.2795539999832 39.78661700036871
-123.2798810002213 39.78810399872848
NaN NaN
-123.2798810002213 39.78810399872848
-123.2798840005944 39.78881699926322
-123.2809770005635 39.79095299880246
-123.2835559999638 39.79268199939734
-123.2845640004424 39.79373299935631
-123.2863439996015 39.79651799914696
-123.2883229998505 39.79905399877653
NaN NaN
-123.2883229998505 39.79905399877653
-123.2893089996895 39.80422699934341
NaN NaN
-123.2887570002188 39.80982899776125
-123.2890559999695 39.81107699907451
-123.2909570004008 39.81392299887573
-123.2920069998139 39.81512899885915
NaN NaN
-123.2893089996895 39.80422699934341
-123.2894010006494 39.80710899901323
-123.2890090001139 39.80931099925576
NaN NaN
-123.3692360002228 39.87322199935319
-123.3635830000562 39.86625599877663
-123.3576510002304 39.85855600027727
-123.3485080002692 39.84982299881502
-123.3435799998257 39.84548799919945
-123.334826000027 39.83659299905211
-123.3298239999636 39.8320499988687
-123.3154049994044 39.82084799894893
-123.299879000429 39.80949499926512
-123.2978919997841 39.80775399916205
-123.2938749997348 39.80369199883913
-123.2907749999276 39.8007619993551
NaN NaN
-123.2920069998139 39.81512899885915
-123.2926930000772 39.81596399917567
NaN NaN
-123.2926930000772 39.81596399917567
-123.2940749997513 39.81958699879848
NaN NaN
-123.2939140000928 39.81940099937324
-123.294237000133 39.81989599926802
NaN NaN
-123.294237000133 39.81989599926802
-123.2951730006416 39.82243499891175
NaN NaN
-123.2951730006416 39.82243499891175
-123.2955380014129 39.82320899882914
-123.2962689991872 39.82515999877816
NaN NaN
-123.2962689991872 39.82515999877816
-123.2974480002684 39.82822499894332
NaN NaN
-123.2974480002684 39.82822499894332
-123.2987440006271 39.83045299940822
-123.3014510000739 39.83363799832976
-123.3035930014279 39.83620399928478
NaN NaN
-123.308366000264 39.8034509989122
-123.3062539999456 39.80044299877101
-123.3033430002843 39.79766799925562
-123.2983300003503 39.7938929978608
NaN NaN
-123.3102169995682 39.80410399873944
-123.3069479997066 39.79947599936677
-123.3050390006761 39.79704599895931
-123.3021769996219 39.79392399918027
NaN NaN
-123.3034360001707 39.83710400027301
-123.3051319996642 39.83871099785539
-123.3076850000236 39.84061899774511
-123.3116359999506 39.84308799873596
-123.3152610003627 39.84465799875479
NaN NaN
-123.3161829997293 39.80080499933583
-123.3134379997493 39.79784299938689
-123.3112069996052 39.79460399889171
-123.3065900004046 39.78910499921471
NaN NaN
-123.3387059998089 39.83969900040223
-123.3176070001345 39.81417100028479
-123.3106279985736 39.80649799935323
-123.308366000264 39.8034509989122
NaN NaN
-123.3137890002769 39.80950499900401
-123.3102169995682 39.80410399873944
NaN NaN
-123.3394930003546 39.90206700031839
-123.3351449998692 39.89921999882185
-123.3320290001684 39.89758899900535
-123.3286469994306 39.8958569991637
-123.3215560004117 39.89280200028816
-123.3195040003677 39.89234499887154
-123.3159969999564 39.89204499776451
-123.3112330004428 39.89184899939231
NaN NaN
-123.3116359999506 39.84308799873596
-123.3125249997052 39.8441389992216
-123.3165789995644 39.85144199923756
-123.3197479998669 39.85846799900835
-123.320678001426 39.85961199980627
-123.3222119996395 39.8609399989227
NaN NaN
-123.3222889996324 39.81183899873843
-123.320692999698 39.80893599905843
-123.3182950000477 39.80389099919301
-123.3173369997977 39.80218000038323
-123.3161829997293 39.80080499933583
NaN NaN
-123.3165090001425 39.84493399904559
-123.3199800005688 39.84780599898183
NaN NaN
-123.3207470001247 39.84864099873746
-123.3212369996711 39.85009600039985
NaN NaN
-123.3213200004101 39.85065399888241
-123.3224619998847 39.85424599906358
NaN NaN
-123.3220270005899 39.85573399933606
-123.3230020005582 39.85881899939272
NaN NaN
-123.3230020005582 39.85881899939272
-123.3230510000637 39.85969799919079
-123.3246720001125 39.86245199877488
-123.3271829997407 39.86613299888791
-123.3284840001223 39.86916599938768
-123.3312369995999 39.87275299887722
NaN NaN
-123.3807290001538 39.94922499779978
-123.3754679996243 39.94591299874642
-123.3663480001277 39.93959699907112
-123.359930000055 39.93451099914224
-123.3545070000422 39.9286119983822
-123.3310249998878 39.90652699937421
-123.323802999551 39.90024499928383
NaN NaN
-123.365849999287 39.91644599785791
-123.3647120000104 39.91348199883971
-123.362979000707 39.91072499909438
-123.362310000162 39.90898799929137
-123.3625019997827 39.90775999933412
-123.3634180001998 39.90555899880873
-123.3639300003859 39.90383199873462
-123.3637350003922 39.9026439992382
-123.3631319999695 39.90095699888273
-123.3623879999799 39.8974809988337
-123.3612319993632 39.89068199899385
-123.3602320001788 39.88884299911882
-123.3579700000726 39.88608599907761
-123.3528559998563 39.88174899837307
-123.3506659997201 39.88021899874033
-123.3485450000791 39.87919999890153
-123.3449659996978 39.87772399878271
-123.341918999594 39.87665500034993
-123.3335609996304 39.87145499787545
-123.3301729999431 39.86829099917399
-123.3274500006027 39.8660969988788
NaN NaN
-123.3312369995999 39.87275299887722
-123.3340340003567 39.87726999908239
NaN NaN
-123.3331010002212 39.87569199928993
-123.3329920004412 39.87804799910889
-123.3333179999562 39.87906899937372
NaN NaN
-123.3332379995902 39.87906999895532
-123.3348610001871 39.88197799939528
-123.3354709993841 39.88327799881337
-123.3357170003297 39.88423799891532
NaN NaN
-123.335518999963 39.88495099886981
-123.3354099992848 39.88736899939642
-123.3362650013991 39.88931899931282
-123.336476000388 39.89130199920528
-123.3364010000449 39.8924789987626
NaN NaN
-123.3368509994084 39.89502199918397
-123.3363000006609 39.89305699922028
NaN NaN
-123.3368509994084 39.89502199918397
-123.3376739999391 39.89722499912535
NaN NaN
-123.3430159997611 39.90555299881241
-123.3404850000413 39.90237199924923
-123.3396219993277 39.89996099913751
-123.338259999745 39.89829599937077
NaN NaN
-123.3430159997611 39.90555299881241
-123.3437559995528 39.90641499933075
NaN NaN
-123.3437559995528 39.90641499933075
-123.3458119997947 39.90751099774202
NaN NaN
-123.3458119997947 39.90751099774202
-123.3533579999966 39.91517699879392
NaN NaN
-123.3883710006151 40.00263899836779
-123.3681349998578 39.99365399889237
-123.3667469994376 39.99286099904263
-123.3659919995772 39.99225099887514
-123.365316000258 39.99148699873859
-123.364478000557 39.99017299916289
-123.360555000219 39.98075600039498
-123.359269999731 39.97675099895213
-123.3588260002153 39.97476299920461
-123.3570269998913 39.96240499918574
-123.3537279998925 39.95072299922049
-123.3528069985541 39.94849099913447
-123.3496189997817 39.94393799977959
-123.3463010004146 39.93675399925669
NaN NaN
-123.3533579999966 39.91517699879392
-123.3597540003279 39.92068199904048
NaN NaN
-123.3597540003279 39.92068199904048
-123.3608310004035 39.92183699913954
NaN NaN
-123.3608310004035 39.92183699913954
-123.3619079995808 39.92420899885866
NaN NaN
-123.3619079995808 39.92420899885866
-123.3632900001533 39.92595599911395
-123.3651879993131 39.92767699788183
NaN NaN
-123.3651879993131 39.92767699788183
-123.368208000551 39.93353399928939
NaN NaN
-123.3662519998682 39.92865499890844
-123.3670510001095 39.92964099875952
-123.3700560003805 39.93227899779381
NaN NaN
-123.368208000551 39.93353399928939
-123.3685980014367 39.93453099939683
NaN NaN
-123.3685980014367 39.93453099939683
-123.3701140001068 39.93700299922155
NaN NaN
-123.3693559998734 39.87331299931074
-123.3737329997728 39.87856800033907
-123.3754480004312 39.88144099932618
-123.377797000576 39.88431299906803
-123.3801069985662 39.88742899940441
-123.3823350001339 39.89014799918819
-123.3849999997479 39.89304999875144
-123.3904460002253 39.89811899875892
-123.402057000157 39.9097239989008
-123.417713999552 39.92352499887295
-123.4215699999428 39.92712799937723
-123.425627000175 39.93158799924445
-123.4342659994477 39.94252599941461
NaN NaN
-123.3701140001068 39.93700299922155
-123.3705369997061 39.93772099894377
-123.3733199993209 39.9408619991936
-123.3775139998205 39.94440299936039
-123.3806770002752 39.94805699902015
-123.3833899995699 39.95085399880638
-123.3938480001563 39.96147199928728
-123.3963980001427 39.96412499939989
NaN NaN
-123.3963980001427 39.96412499939989
-123.3976740004099 39.96563799900888
NaN NaN
-123.3976740004099 39.96563799900888
-123.3990829998482 39.96802899916654
NaN NaN
-123.3990829998482 39.96802899916654
-123.4008090003772 39.97168999787504
-123.4017972181566 39.97260583839109
NaN NaN
-123.4017890003684 39.97259199897323
-123.4017972181566 39.97260583839109
NaN NaN
-123.4017972181566 39.97260583839109
-123.4029029993556 39.97446799899436
-123.4048609996882 39.97634399915123
-123.4069199994049 39.9791859992467
NaN NaN
-123.4017972181566 39.97260583839109
-123.4018329998511 39.97263899914761
NaN NaN
-123.4027889995528 39.9833669992197
-123.4099629993107 39.99186799918667
-123.4128730000455 39.99649199908856
-123.4128770002434 39.99962499924431
-123.4155740014411 40.00319399883215
-123.4218689996935 40.01555099878271
NaN NaN
-123.4177439996892 40.06341799929149
-123.4157200001327 40.05476599885928
-123.4125910000132 40.04498699909612
-123.4094340003045 40.03683799928876
-123.4075930001477 40.02689799923614
-123.4041440003611 40.0185839994142
NaN NaN
-123.4071110000989 39.97929200027823
-123.40823699968 39.9820159991843
NaN NaN
-123.4099409995694 39.98339899907089
-123.4089670003243 39.98284599837207
-123.4084980006942 39.98229500036135
NaN NaN
-123.4150790000752 40.08972499934131
-123.4144160002764 40.0883959987583
-123.4130239996582 40.08283599937899
-123.4136530000201 40.07734599922941
-123.4113959999368 40.06975499878253
-123.4110599985795 40.0660259988688
-123.4120090004052 40.06303699881087
NaN NaN
-123.4120090004052 40.06303699881087
-123.4129669997568 40.06112100035912
-123.4133769998356 40.0592539993721
-123.4137800002417 40.05659400028168
-123.413405000323 40.05451899906276
NaN NaN
-123.4135280003467 39.98194399907305
-123.4133860000564 39.98311399887888
-123.4147180004001 39.98875399780168
NaN NaN
-123.415084999923 39.99066599938959
-123.4147409999664 39.98902399930564
NaN NaN
-123.4286190000272 40.10938599939647
-123.4232930000988 40.10165099878176
-123.4216449993876 40.09982999916188
-123.4199109993609 40.09760699909372
-123.4181859995551 40.09509599779023
-123.4159019997076 40.09137499939953
-123.4150790000752 40.08972499934131
NaN NaN
-123.4152699998709 39.99154999907318
-123.41636299984 39.995560997786
NaN NaN
-123.4158339999355 40.00043399975321
-123.416587000146 39.9975159993586
-123.4166169993849 39.99637199882602
NaN NaN
-123.4201029998799 40.03549299893455
-123.4223440000697 40.03285999932187
-123.4228589997305 40.03201299896566
-123.4230250003101 40.03112299906268
-123.4231499999836 40.02529800036186
-123.4223470004427 40.01284999889031
-123.4229590001879 40.00785599911088
-123.4222059999774 40.00194499887726
-123.4212899995603 39.99988899839099
NaN NaN
-123.4231889994434 39.9959969990551
-123.4230860004095 39.99823799928672
-123.4239719997911 39.9993329993851
NaN NaN
-123.4233130001902 40.2296679988818
-123.4265929999225 40.22720499904887
-123.4279210000683 40.22577699839383
-123.4283250002993 40.22474799888776
-123.4284149998127 40.22316699885055
-123.427884999185 40.22150999927091
-123.4274390000194 40.21748099884859
-123.4275219998601 40.21510999886839
-123.4296190001099 40.20704099939073
-123.4303289997644 40.20553699933407
-123.4316390003668 40.20197499887034
-123.4331309996458 40.19541000028998
-123.4346479999374 40.19184799888753
-123.4369810001888 40.1872549987807
NaN NaN
-123.4248819985638 40.00069799921275
-123.4261840005669 40.00297199877492
-123.4276630003254 40.00504399899048
NaN NaN
-123.4368009993654 40.10812399931368
-123.4303279999395 40.09854399881608
-123.4285749996463 40.09286199885209
-123.4275599985966 40.08796899936225
-123.4266359995802 40.0866669991572
-123.4250239997523 40.08322299930149
NaN NaN
-123.4268369994217 40.07740199918433
-123.4263289994336 40.07202599836631
-123.4279410001598 40.06687999935089
-123.4303360003354 40.06050799930984
-123.4322339985969 40.05064199896183
-123.4323359996025 40.04837999906034
-123.432019999235 40.03972999921317
-123.4316099991562 40.03450899934174
-123.4308440003235 40.03031499783879
NaN NaN
-123.4304530014096 40.00881199928958
-123.4297089996233 40.00732999902761
-123.4290130002125 40.00634099885092
-123.4278840002584 40.0051330003572
NaN NaN
-123.4317040006642 40.07592699779406
-123.4356249995556 40.06613599890046
-123.4399060000938 40.05761000031236
-123.4431710006558 40.05030399890173
-123.4431640000848 40.04384699891953
NaN NaN
-123.432207999556 40.00911899886107
-123.4326310000536 40.01001299784162
NaN NaN
-123.4327659997728 40.01025499921074
-123.4330310000867 40.01352599918692
-123.4334049992822 40.01451099910232
NaN NaN
-123.433529999854 40.01486499920621
-123.4334100002034 40.0160599993275
-123.43378900032 40.01866899776747
-123.4349120004264 40.02040899882005
-123.4357849993892 40.02119399930034
-123.4357700002189 40.02479399890153
-123.4359730006085 40.02636599898025
-123.4365689995618 40.02909299932783
-123.4373159999245 40.03119599902356
NaN NaN
-123.4426000000202 40.02170999941225
-123.4370189998236 40.01513400032729
-123.4339759999178 40.01190199787843
NaN NaN
-123.4515270000713 39.96917399896731
-123.4464359994212 39.96376699898695
-123.443851999998 39.96132399935554
-123.4421809997205 39.95930799890386
-123.4402640002941 39.95576199913697
-123.4391500004086 39.95429599897974
-123.4370699998773 39.9498319993921
-123.434955999909 39.94352099934277
NaN NaN
-123.4362929993773 40.02166099878671
-123.4369669999451 40.02231699777096
NaN NaN
-123.4394750000986 40.05091999906928
-123.4376990002392 40.04460400026315
-123.4374629993393 40.04218600040875
-123.436783999647 40.03828399876394
-123.43646200033 40.03410699879929
NaN NaN
-123.4365769999577 40.04962199882881
-123.4370519994356 40.048220999132
-123.4376980004143 40.04537299892827
NaN NaN
-123.4379489995861 40.14331399875778
-123.4378809998141 40.14141799915141
-123.4375579997739 40.1397599989043
-123.4368699998607 40.13774699937446
-123.4368489999443 40.12933099930782
-123.4372559996501 40.12489699873027
-123.4374180000318 40.1234429990279
-123.4367730006746 40.11423899884159
-123.4369669999451 40.11273699916557
-123.4374200005799 40.11146999925992
NaN NaN
-123.4395429998707 40.18527000034333
-123.4400910000418 40.18301499932808
-123.4415959997395 40.17807000032794
-123.441912000107 40.17285299902358
-123.4410129994083 40.15799999925539
-123.4406290001671 40.15535400031757
-123.4396149998407 40.15132799923045
-123.4395520000915 40.14998499873136
-123.4395410002209 40.14864199914246
-123.4399909995843 40.14694099900613
-123.4405010001206 40.14634599936367
-123.4409060001765 40.14539599873876
-123.4410040000858 40.14476299934977
-123.4419740000313 40.1436139993928
-123.4423289998585 40.14290099923231
-123.4423220001858 40.14214999910705
-123.4420560000471 40.14112399903763
-123.4416840013997 40.13381599876011
-123.4408749993161 40.12971099896667
-123.4408520006482 40.12485599899515
-123.440926000268 40.12358499975019
-123.4413370001717 40.12219799925768
-123.4414189992892 40.12085799839254
NaN NaN
-123.4672889999466 40.18847399928443
-123.4656770001187 40.18684099897372
-123.463173999988 40.18357099940732
-123.4605229997194 40.17817000029864
-123.4577090001424 40.17470499892794
-123.4574990000801 40.1742709993818
-123.4570409994224 40.17186199902235
-123.4559939985857 40.16993999936784
-123.4543570004401 40.1657100003034
-123.4530510000356 40.16369999883544
-123.4502110014177 40.16025399783286
-123.4474069991916 40.15795399940206
-123.4466030007241 40.15744399837281
-123.4431369994223 40.15615399938974
NaN NaN
-123.46280999994 40.12884799907548
-123.4597979999963 40.12489199886444
-123.4586779993646 40.1234199987379
-123.4433820014413 40.11123099873555
NaN NaN
-123.4604969997801 40.15996399935609
-123.4535929985623 40.14307799914018
-123.4521709996035 40.13328999937824
-123.4506390001416 40.12882999881705
-123.4488729994296 40.12486099886364
-123.44868800038 40.12444499879305
-123.4444980000783 40.11858599887605
NaN NaN
-123.463795999779 40.2234169989385
-123.462325999343 40.22034099910276
-123.4608109995995 40.21809499782453
-123.4579959992993 40.21451099929833
-123.4561740003074 40.2125429993273
-123.4516070004373 40.20916399783511
-123.4448670001493 40.20500299938353
NaN NaN
-123.4524019995822 40.03508599910316
-123.4472279999897 40.02575999900277
-123.446420000426 40.02361799912935
NaN NaN
-123.4480039997664 40.15534399888774
-123.448355000294 40.15415699921289
-123.4484819996173 40.15197799915009
-123.4490790001922 40.14838499894226
-123.4492560006425 40.14182599877114
NaN NaN
-123.4766050001601 40.00033500038084
-123.4734149999412 39.9952319988907
-123.4660080005548 39.98536299927934
-123.4568600005707 39.97561999930392
-123.4527210003228 39.9706399989121
NaN NaN
-123.4649719995888 40.0333559990103
-123.4530119996776 40.00597399781761
NaN NaN
-123.4847949998942 39.99992199933079
-123.4796709996321 39.99586199879864
-123.476534000015 39.99366499929422
-123.4710130000929 39.98930099931895
-123.4662060000232 39.98524099922953
NaN NaN
-123.4743979994071 40.23301499780704
-123.4668119999206 40.2264079987904
NaN NaN
-123.4944239992039 40.21366999909073
-123.4903539985528 40.2081549988109
-123.4812080000153 40.19989499877317
-123.477263999761 40.19698699919859
-123.4748269997525 40.19549599937147
-123.4734780005887 40.1944739988605
-123.4687350000931 40.18868499841184
NaN NaN
-123.478281999387 40.00363699901754
-123.476565999802 40.0003659992892
NaN NaN
-123.4829350003692 40.01086599927618
-123.4813639996509 40.00878999923587
-123.47832199957 40.00372900032189
NaN NaN
-123.4918149996663 40.04141699880643
-123.4905500001681 40.03868399875144
-123.4875770005825 40.03613799928267
-123.4863959998515 40.03429799939011
-123.4860719999864 40.03275199940519
-123.4857970014234 40.02775499938755
-123.4854749994115 40.02644699929471
-123.4836519996964 40.02210999892044
-123.4828560007265 40.01979299886182
NaN NaN
-123.4907810001468 40.02011699911317
-123.4886660003536 40.0180430003805
-123.4859940001686 40.01430499894686
-123.4829350003692 40.01086599927618
NaN NaN
-123.4916359995662 40.04766499914792
-123.4845830001821 40.04037499937496
NaN NaN
-123.4982789997697 40.01597999940005
-123.4936530003483 40.01076299893563
-123.4849539999029 40.00007499903803
NaN NaN
-123.491887001433 40.02231399979605
-123.4907810001468 40.02011699911317
NaN NaN
-123.4961949999388 40.05407299913632
-123.4916359995662 40.04766499914792
NaN NaN
-123.4948009996708 40.02712299903475
-123.4944030001858 40.02599399874668
-123.4933060000187 40.02480799903059
-123.491887001433 40.02231399979605
NaN NaN
-123.5010480000392 40.04006999939775
-123.4977540000632 40.03645299931487
NaN NaN
-123.5141649985953 40.03906299921735
-123.5133799985977 40.03811399786967
-123.5130620003771 40.03722199912874
-123.5128599998124 40.0317489988751
-123.5119090001335 40.02961099774814
-123.5104969994238 40.02789099933354
-123.5091679985548 40.02694499919122
-123.5061259993722 40.02534999896847
-123.5051859995639 40.02440199893682
-123.5007860000984 40.01846900025961
-123.4982789997697 40.01597999940005
NaN NaN
-123.5060230003384 40.04064300035517
-123.5056989995749 40.03909699909448
-123.5053089995876 40.03880099890772
-123.503910000195 40.03868799876005
-123.5030530002275 40.03839399887405
-123.4999989995527 40.03560999906355
NaN NaN
-123.5676830003176 40.10358599877848
-123.5633069993448 40.10039099906484
-123.5606459999287 40.09808099887839
-123.5575090003116 40.09452399895595
-123.5542179998103 40.09120499898854
-123.5513090006971 40.0870509993556
-123.55012199922 40.08437799881447
-123.5486240000933 40.08176599926011
-123.5465800004452 40.07891799882714
-123.5455619999209 40.07785099934274
-123.5424319999764 40.07518599901416
-123.5410979999828 40.0735249991732
-123.5359839997665 40.06581099904405
-123.5344829993684 40.06290099883426
-123.5335269996666 40.06004899931116
-123.5299100014471 40.05488699935434
-123.5291220001781 40.05352099926814
-123.5285569993903 40.05096499932878
-123.5277580000474 40.04840899774442
-123.5250049996715 40.04431399874396
NaN NaN
-123.5710420005909 40.10583399879301
-123.5676830003176 40.10358599877848
NaN NaN
