-123.3075960003351 40.00628999930906
-123.3071789996852 40.00289999873149
-123.3069120006199 39.99885499894259
NaN NaN
-123.3077999996513 40.02116599893198
-123.3070230000496 40.01200499787627
-123.307012000179 40.010754999083
-123.3075960003351 40.00628999930906
NaN NaN
-123.3185779999049 40.05569499889748
-123.3173240002773 40.05427199905866
-123.316456000439 40.05272799908667
-123.3152689998603 40.05011499880477
-123.3134290004267 40.04381499920178
-123.3089899997048 40.03335999933152
-123.3079560001852 40.03050799897571
-123.3077849995827 40.02860399926654
-123.3077999996513 40.02116599893198
NaN NaN
-123.3285740014323 40.06213899889777
-123.3247440000825 40.05918099919727
-123.3221669994337 40.05752399919121
-123.3185779999049 40.05569499889748
NaN NaN
-123.3253170003679 40.0626879987601
-123.3227330000464 40.06020099928016
-123.3185779999049 40.05569499889748
NaN NaN
-123.3691700001006 40.13224999873236
-123.3676040003034 40.13076899906509
-123.3659630001632 40.12958599938563
-123.3633100002448 40.12804899923069
-123.3596439998248 40.12627899934482
-123.3558240003173 40.1246879993532
-123.3507539995836 40.12209099889932
-123.3493450001453 40.12078699934217
-123.3453559996851 40.11753099872952
-123.3419110000964 40.11427199941027
-123.3400280001069 40.11201899919858
-123.3345100005578 40.10252099928317
-123.3316600000975 40.09622499916699
-123.3277899985647 40.08856399939756
-123.3262770002676 40.08422599918363
-123.3253900001628 40.08036199900226
-123.3250500004042 40.07691199904847
-123.3247940003112 40.0651299990825
-123.3253170003679 40.0626879987601
NaN NaN
-123.3293059999298 40.06582599929366
-123.3253170003679 40.0626879987601
NaN NaN
-123.3687359997323 40.12677799923991
-123.3662649993887 40.11946799939876
-123.3581079992666 40.10087699876534
-123.3553489999412 40.09606799926652
-123.3507050000781 40.08888699935936
-123.3490470002195 40.08573999878325
-123.3446379996347 40.07873599907676
-123.3424249999323 40.07428199877098
-123.3404540000792 40.07071899876613
-123.3384129999059 40.06816899786925
-123.3353660007005 40.06603899780681
-123.3282370002501 40.0589269989025
-123.3285740014323 40.06213899889777
NaN NaN
-123.3293059999298 40.06582599929366
-123.3285740014323 40.06213899889777
NaN NaN
-123.3687359997323 40.12677799923991
-123.3621760002677 40.12263899881617
-123.3564650003748 40.11778299914751
-123.3539549996732 40.1149369990874
-123.3519139986016 40.11232699882294
-123.3505039993384 40.11102300026042
-123.3489300000436 40.10847099940285
-123.347824000554 40.10627499935597
-123.34638699973 40.10175799900743
-123.3438710000788 40.09807899924287
-123.3351299998006 40.08412999913335
-123.3326710000509 40.07801100036002
-123.3313939999587 40.07396999877292
-123.3293059999298 40.06582599929366
NaN NaN
-123.3783289999553 40.1498869992914
-123.3719629997612 40.14104599938247
-123.3708520002487 40.13825399885969
-123.3702100003663 40.13575699882878
-123.3701130002819 40.13349599776704
-123.369370999942 40.12838199916757
-123.3687359997323 40.12677799923991
NaN NaN
-123.3774360000027 40.16443099940981
-123.3775759997448 40.16264399918582
NaN NaN
-123.3775759997448 40.16264399918582
-123.37800699974 40.15841300034865
NaN NaN
-123.37800699974 40.15841300034865
-123.3784589996516 40.15674499899431
-123.3785930004442 40.15418299912488
-123.3783289999553 40.1498869992914
NaN NaN
-123.3907209996866 40.16399799891649
-123.3871810005616 40.15865599890709
-123.3844359996833 40.15551499931008
-123.3783289999553 40.1498869992914
NaN NaN
-123.3985110002859 40.17574799907414
-123.3970829996828 40.17236199784221
-123.3961400003998 40.17099699889999
-123.3915890004232 40.16560099941258
-123.3907209996866 40.16399799891649
NaN NaN
-123.4792729992489 40.30210699780022
-123.4751859997777 40.29641099772865
-123.4703019997152 40.28833799889886
-123.4665130001699 40.281211998872
-123.4647699999224 40.27729199918124
-123.4626240001671 40.27140899877531
-123.4554090004013 40.26322699883448
-123.4495360001267 40.25753799911844
-123.4442139985996 40.25297799936331
-123.4395179997563 40.24871399897864
-123.4359140001589 40.24503899907467
-123.4294040000248 40.23750799933072
-123.4226629999119 40.23039499874786
-123.4185059992222 40.2255319987861
-123.4148149995862 40.22078699897902
-123.411429000447 40.21526699886248
-123.4106340004037 40.21312799932209
-123.4091930002801 40.2080759990678
-123.4085399996287 40.20438899910806
-123.4066059995855 40.19618599925671
-123.4062730003979 40.19356899914788
-123.4053889997678 40.19006099934116
-123.4043630006442 40.18810199925664
-123.4020069999283 40.18501699980142
-123.401211999885 40.1828779989976
-123.3998689996706 40.1802649993606
-123.3996240003465 40.17877799774472
-123.3985110002859 40.17574799907414
NaN NaN
-123.4770899996837 40.29199899929939
-123.4737909996848 40.28760899894904
NaN NaN
-123.4857930003271 40.30172299876578
-123.4854729997617 40.30059299911828
-123.4848450001229 40.29976300033629
-123.4838280003218 40.29887399911895
-123.4801540004042 40.29615199911682
-123.4787420005929 40.29443199882751
-123.4770899996837 40.29199899929939
NaN NaN
-123.4802179999783 40.30364999897273
-123.4792729992489 40.30210699780022
NaN NaN
-123.5172750002449 40.34128399829637
-123.5149239995519 40.33873499897851
-123.5105399999798 40.33470599891068
-123.5042829995656 40.32949499903825
-123.4966910002313 40.32274299907674
-123.4927810003122 40.31966399881215
-123.4911369997989 40.31806399896221
-123.4901159997998 40.31681899910927
-123.4892489997865 40.31527499940189
-123.4837540007019 40.30845399886105
-123.4802179999783 40.30364999897273
NaN NaN
-123.4931849996449 40.31228399929601
-123.4890249985822 40.30718299910325
-123.4872160000091 40.30451299919626
-123.4857930003271 40.30172299876578
NaN NaN
-123.5053069999378 40.32223099832827
-123.4988989999109 40.31749699912305
-123.4960010006683 40.31465299926259
-123.4931849996449 40.31228399929601
NaN NaN
-123.5190280014364 40.33728999884113
-123.5181670003726 40.33651999935445
-123.5173799998269 40.33533299928589
-123.5151820001931 40.33254499873009
-123.5101680004341 40.32738899919826
-123.5067189997491 40.32371299879362
-123.5053069999378 40.32223099832827
NaN NaN
-123.52586900021 40.32887099873319
-123.5257040003536 40.3276819993073
-123.5253080014168 40.32679099873804
-123.5246799999815 40.3260789987613
-123.5235849985659 40.32507199912418
-123.5221009996828 40.32418599927539
-123.5206199993762 40.32347800027571
-123.5192970001516 40.32318600033631
-123.517198000252 40.32295599895066
-123.515799999786 40.3229619992171
-123.5132409995789 40.32344799916745
-123.5124639999772 40.3234519988594
-123.5096649995706 40.32310599928815
-123.5068619998643 40.32234399910565
-123.5053069999378 40.32223099832827
NaN NaN
-123.5151820001931 40.33254499873009
-123.5150099997656 40.33058199892971
-123.5139849995685 40.3288009987517
-123.5114789999631 40.3263119987359
-123.5067189997491 40.32371299879362
NaN NaN
-123.5305919997158 40.34533600028186
-123.5241040002213 40.34060199887715
-123.5216859995811 40.33930199914029
-123.5190280014364 40.33728999884113
NaN NaN
-123.5358299997807 40.34941899787037
-123.5344270001902 40.34876999937525
-123.5305919997158 40.34533600028186
NaN NaN
-123.5385580000423 40.35047899913555
-123.5358299997807 40.34941899787037
NaN NaN
-123.5736770000677 40.38847899930886
-123.5726619999164 40.38782799915165
-123.5711570002186 40.3845619989546
-123.5694240000169 40.38165399899579
-123.566674000014 40.3779159993808
-123.5654109992673 40.37548099874375
-123.5625859998197 40.37215999890854
-123.5611670003356 40.36966699873611
-123.559910000335 40.36800599889373
-123.5568559996602 40.36498299786858
-123.554745000065 40.36344499883062
-123.5519359996126 40.36190899900081
-123.5491980002036 40.35965899875098
-123.5469260000516 40.3573479991605
-123.5394209998576 40.35154699896287
-123.5385580000423 40.35047899913555
NaN NaN
-123.5830259998932 40.41021999922933
-123.5827810005691 40.40879299881455
-123.5816819998539 40.40742899911598
-123.5811270000101 40.40618099920034
-123.5809650014251 40.40534899780148
-123.5777450001706 40.40107699877547
-123.5767989996163 40.39953399979156
-123.5767140001258 40.39858199903146
NaN NaN
-123.5887689995732 40.40971999783399
-123.5880580000938 40.40829499782784
-123.5821629991795 40.4001069992639
-123.5799600004212 40.39672399872909
NaN NaN
-123.5846510001399 40.41854399896864
-123.5835210003608 40.41372900030854
-123.5830259998932 40.41021999922933
NaN NaN
-123.5880380000023 40.43334799878513
-123.5850400003023 40.42782599932209
-123.5845609997282 40.42628099929704
-123.5839710006226 40.42086799925463
-123.5841189998623 40.41991499877541
-123.5846510001399 40.41854399896864
NaN NaN
-123.5927450014112 40.42969899906163
-123.5888280000227 40.42578699895141
-123.5882730001789 40.42442099879322
-123.5866189996199 40.42174999879775
-123.5846510001399 40.41854399896864
NaN NaN
-123.6325799985747 40.50171699906294
-123.6299829996311 40.49762099909487
-123.6295060014017 40.49637399885304
-123.6291650000216 40.49274499888874
-123.6301540002336 40.49036099891362
-123.6303790003645 40.48940799910005
-123.6303640002959 40.48780099785034
-123.6298909995696 40.48690999923387
-123.6292639997558 40.48625799880614
-123.6262140001773 40.48377199912689
-123.6233930000293 40.48086699915577
-123.6202560004121 40.47724999874029
-123.6200940000304 40.47653699923143
-123.6202309993995 40.47433399894214
-123.6200589998703 40.47231199882841
-123.6197340001803 40.47070699925244
-123.6192579999793 40.46951799887628
-123.6190880000999 40.46779299926654
-123.618455999365 40.46654599904915
-123.6181309996749 40.46476199941008
-123.6175740001813 40.46321699932668
-123.6158350001318 40.45971400035533
-123.6109760001836 40.45461599925824
-123.6089440002311 40.45313699884188
-123.6072269999229 40.45219099878041
-123.5988120000579 40.44901399933631
-123.5974820002623 40.44782899898893
-123.5962990007799 40.4456909993242
-123.5960550003824 40.44444299884094
-123.5943959998005 40.44123599892477
-123.5927429999647 40.43862499901492
-123.5897630007064 40.43530399882685
-123.5885889996481 40.43417899895481
-123.5880380000023 40.43334799878513
NaN NaN
-123.6141899997937 40.44900899877879
-123.6123090003522 40.44693399916667
-123.6113700003689 40.44610500040699
-123.604810000006 40.4418469989182
-123.6030889986016 40.44042700031094
-123.6020700000489 40.43935999774092
-123.5999579997305 40.43752399927369
-123.5994050004349 40.43663399909489
-123.5942300001191 40.43082299897032
-123.5927450014112 40.42969899906163
NaN NaN
-123.6202980002449 40.45487499920102
-123.6174780008202 40.45197099933732
-123.6141899997937 40.44900899877879
NaN NaN
-123.6597779993779 40.49982199876917
-123.6563770001701 40.49750699911502
-123.6525220014009 40.49468099885441
-123.6501339999996 40.49259899894812
-123.6462170004078 40.4886289990866
-123.6455859985994 40.48750099896075
-123.6430000004247 40.48483299934568
-123.6408029997175 40.48216499889833
-123.6390779999117 40.48038699935013
-123.6370359999135 40.47771699979953
-123.633573999708 40.47249499788423
-123.6312970004315 40.46958799894711
-123.630351999702 40.46798499884838
-123.6281540000682 40.46519699920631
-123.6238249998494 40.45854999940928
-123.6202980002449 40.45487499920102
NaN NaN
-123.6662130000673 40.50531199882413
-123.6597779993779 40.49982199876917
NaN NaN
-123.6735750001462 40.51285199897196
-123.6662130000673 40.50531199882413
NaN NaN
-123.6830729999346 40.52323100028985
-123.680941000423 40.52056299773631
-123.6773700004376 40.51670599787542
-123.6735750001462 40.51285199897196
NaN NaN
-123.7515549993192 40.59941199783257
-123.7435090004234 40.59196999920545
-123.7316709998126 40.58184599899246
-123.7274949997547 40.5781119993911
-123.7233920003901 40.57408999912608
-123.7191329995932 40.5696129993797
-123.7152489996133 40.56507499875637
-123.7083019996361 40.55570499893376
-123.7018990014287 40.54764500027714
-123.698237999235 40.54276099891987
-123.6906169995883 40.53311099899626
-123.6830729999346 40.52323100028985
NaN NaN
-123.852005000665 40.73458499900379
-123.8514900001059 40.73309499900456
-123.8506000014246 40.73137499881827
-123.8415290014335 40.71800399881534
-123.8406430002553 40.71582599900182
-123.8354579998939 40.70567599878569
-123.832787000432 40.70120099928312
-123.8287920001241 40.69294399884812
-123.8255410007041 40.6858339993537
-123.8179040002656 40.67286800034159
-123.8153079993502 40.66873699873985
-123.8081070007265 40.65828899939489
-123.80590200142 40.65441199884333
-123.7968880004319 40.64283799889897
-123.7852239998984 40.63135899927042
-123.7729190002057 40.61987399889407
-123.7611489993671 40.60918999908324
-123.7517339994193 40.60003599782353
NaN NaN
-123.8612339999416 40.73697199830827
-123.8594470002115 40.73456199916736
-123.8547649998153 40.72704599887967
-123.8527610003502 40.72354699903301
-123.8488370001874 40.71540599776204
-123.8471440001686 40.71059299928176
-123.8429320001257 40.7009049992315
-123.8388640000228 40.69230499882597
-123.8357600000177 40.6853679987334
-123.8326490003398 40.67957500028049
-123.8310910000402 40.67710799919916
-123.8287059999103 40.67463699886922
-123.8269899994271 40.67319899887935
-123.8248980000985 40.67158699898584
-123.8216099999703 40.66956799910102
-123.8176520003706 40.66674599919875
-123.8089570001231 40.65803399899193
NaN NaN
-123.8672399993873 40.77630699781084
-123.8452839997453 40.75543099882533
NaN NaN
-123.850527999658 40.7515689988015
-123.8497920000642 40.7494489993305
-123.8494999999862 40.74813199788533
-123.849441000435 40.74595799900054
-123.8496000004436 40.74475699903407
-123.850062000401 40.74327199787552
NaN NaN
-123.850062000401 40.74327199787552
-123.8512189999442 40.73927299935155
-123.8522879996239 40.73704599886111
-123.8524440001578 40.73630299875467
-123.852005000665 40.73458499900379
NaN NaN
-123.8642880006164 40.74099099782878
-123.8612339999416 40.73697199830827
NaN NaN
-123.873596000434 40.7539029989191
-123.8706980002931 40.74902699783589
-123.8694310002467 40.7471919987843
-123.8642880006164 40.74099099782878
NaN NaN
