-124.0667050000064 40.51781399783032
-124.0529359997255 40.51530499917026
-124.0464900000638 40.51452499884827
-124.0433520006217 40.51449400035879
NaN NaN
-124.0920530004319 40.5232749988839
-124.0871719998441 40.52230099897684
-124.0803970002944 40.52044500026822
-124.0752010000623 40.51929499840794
-124.0667050000064 40.51781399783032
NaN NaN
-124.1390820001398 40.53560499883206
-124.1280589996639 40.5330699993414
-124.1213700003279 40.53175400025761
-124.11341900007 40.53002899911888
-124.1107360000143 40.52903499879798
-124.1066269999036 40.52715499877532
-124.101341999983 40.52534599889344
-124.0965390001113 40.52419099875015
-124.0920530004319 40.5232749988839
NaN NaN
-124.1562529985551 40.53994199913636
-124.1492419999021 40.53808799907999
-124.145143999662 40.53686799940306
-124.1427819999967 40.53634999896016
-124.1411299999858 40.53612499788394
-124.1390820001398 40.53560499883206
NaN NaN
-124.1770349998337 40.54436399931035
-124.1640470002507 40.54166799911975
-124.1554769996767 40.54048800027115
NaN NaN
-124.1766880004024 40.54730399892537
-124.1714519999873 40.54363599933914
NaN NaN
-124.179705000369 40.54961299894001
-124.1766880004024 40.54730399892537
NaN NaN
-124.1985989998385 40.55369399928324
-124.1962359985516 40.55317699919647
-124.1951379985596 40.55318699912647
-124.1929339999764 40.55272699875489
-124.1879019997758 40.55199499913843
-124.1866470003232 40.55200599918721
-124.1844589998369 40.55256599934575
-124.1834359992896 40.55239499882019
-124.1828050001762 40.55216099893807
-124.181456000114 40.5512149992001
-124.179705000369 40.54961299894001
NaN NaN
-124.2074239997824 40.55618899917214
-124.2008169995638 40.55511099922634
-124.1985989998385 40.55369399928324
NaN NaN
-124.2090790001663 40.55665299913905
-124.2082110003281 40.55630199914845
-124.2074239997824 40.55618899917214
NaN NaN
-124.2177459999264 40.56400399897561
-124.2161700000835 40.56353899900546
-124.2145110003999 40.56289499931215
-124.2132389994323 40.56182799931922
-124.2101880000289 40.55736199877875
-124.2090790001663 40.55665299913905
NaN NaN
-124.2255940002521 40.56417199786659
-124.2186129999397 40.5642359988931
-124.2177459999264 40.56400399897561
NaN NaN
-124.2470899995865 40.56912699787927
-124.2424529993961 40.56869000034877
-124.2406439999247 40.56840699925291
-124.2310239999376 40.56526099786632
-124.226612999703 40.56410299933582
NaN NaN
-124.251497999448 40.57010499879451
-124.2470899995865 40.56912699787927
NaN NaN
-124.2582810002919 40.57237999928385
-124.251497999448 40.57010499879451
NaN NaN
-124.2682610001292 40.57846099917958
-124.2582810002919 40.57237999928385
NaN NaN
-124.2631639996313 40.57359399914403
-124.2616539999106 40.57234899889897
NaN NaN
-124.2664219996223 40.5762009978818
-124.2631639996313 40.57359399914403
NaN NaN
-124.2783430000737 40.5810039993662
-124.2771649997158 40.58095600039544
-124.2741679998407 40.57990500035428
-124.2725890014214 40.57926000032626
-124.2664219996223 40.5762009978818
NaN NaN
-124.2817159996924 40.58097299888353
-124.2783430000737 40.5810039993662
NaN NaN
-124.310758999952 40.58190499928278
-124.3043169995898 40.58136499926331
-124.2989089996456 40.58165399917915
-124.2962310014094 40.58101999901548
-124.2941109997968 40.58091899873475
-124.2905049996512 40.5811319991822
-124.2869719993007 40.5809849991381
-124.2817159996924 40.58097299888353
NaN NaN
-124.3312180002921 40.58075899909926
-124.3127209995842 40.58194699923801
-124.310758999952 40.58190499928278
NaN NaN
