-123.8298199997959 40.4752380002836
-123.8284139998323 40.4749449993572
-123.8270070000438 40.47447299880486
-123.8260660004107 40.47393999917845
-123.8244179996994 40.47263199930055
NaN NaN
-123.8379979998344 40.47412899837367
-123.8346389995611 40.47348599931382
-123.8322929997893 40.47259999877531
NaN NaN
-123.9024510003725 40.5447919988782
-123.9010759985745 40.54222700030635
-123.898985999794 40.5390109988324
-123.8960220004292 40.535022999332
-123.8933920000769 40.53241099938157
-123.8899720006026 40.52944599938446
-123.8859100003475 40.52558799887267
-123.881755000206 40.52077199877797
-123.8808810014183 40.52006099882913
-123.8792219999381 40.51929699926912
-123.8766769999746 40.51710399906921
-123.8741999997832 40.5141899992779
-123.873228000188 40.51228199884472
-123.8720819996171 40.50923699903329
-123.8714630001992 40.50362099893646
-123.870735999928 40.50057699935555
-123.8678960004117 40.49676599930628
-123.8656130003891 40.49414699900996
-123.8609850004196 40.49099999895208
-123.8580789998828 40.48850299774549
-123.8563559997268 40.48755399907618
-123.8540880006711 40.48672699779155
-123.8494809997196 40.48584999929861
-123.8481500000992 40.48525799912639
-123.8465820006522 40.48418899935806
-123.8421859995879 40.48068299936261
-123.8414769997583 40.47984899921273
-123.8413130006251 40.47889399907759
-123.8414490001693 40.47656499975844
-123.8411289996038 40.47560900034287
-123.8407349994185 40.47513299873429
-123.8398730003264 40.47459899778286
NaN NaN
-123.9342639998281 40.60753700037129
-123.932040000255 40.60084599925651
-123.9314309999846 40.59701699896058
-123.9304109998104 40.59193199883477
-123.9251879998141 40.57400399896621
-123.9242999998844 40.57239499931083
-123.9214860003074 40.56804600040292
-123.9192380004449 40.56477099919366
-123.9165130005564 40.56113999922646
-123.9151429996795 40.55875599913359
-123.9136220000882 40.55685199880433
-123.9117900001523 40.55507199917837
-123.9104410000901 40.55406500025981
-123.9088579996762 40.55318099889563
-123.9065500004376 40.55110499937908
-123.905757999869 40.55057300032569
-123.9042349997296 40.5484889978115
-123.9024510003725 40.5447919988782
NaN NaN
-123.9074129993546 40.55612999872823
-123.9069249985596 40.55499599880966
-123.9059570000606 40.55332699935417
-123.9042349997296 40.5484889978115
NaN NaN
-123.9191040014489 40.59635099900489
-123.9141650002364 40.59154199906001
-123.9136050003698 40.59082899774721
-123.9135969999738 40.5903499992807
-123.9129550000914 40.5895169988203
-123.9120670001617 40.58790699901959
-123.9095110003276 40.58493400026925
-123.907733999745 40.58165499936082
-123.9070799992687 40.57998299878106
-123.9067420000582 40.57842799910549
-123.9065780000266 40.56788299884365
-123.9063589997435 40.56398999887838
-123.9067889999138 40.56134999908203
-123.9076130002695 40.55888499903715
-123.9077489998136 40.55750599927259
-123.9074129993546 40.55612999872823
NaN NaN
-123.9252770004009 40.59982999897558
-123.9191040014489 40.59635099900489
NaN NaN
-124.0937799998876 40.81932700038696
-124.0915889999265 40.81748999885723
-124.0908730004242 40.81658899875868
-124.0899220007453 40.81453399785447
-124.0889450002288 40.81387999922288
-124.0863520005848 40.81072999930615
-124.0840839997324 40.8073679991161
-124.0811839999418 40.80495999912669
-124.0801069998662 40.80304899917732
-124.0795219998851 40.80233399914137
-124.0746279997768 40.79872499873503
-124.0667979998928 40.78991999936621
-124.0610109998319 40.78110499834122
-124.060353000056 40.77919399938709
-124.0593089995923 40.77758499882547
-124.0581100002163 40.77621799895627
-124.0570669995776 40.77472999908611
-124.0541550000913 40.76906399904519
-124.0522840006957 40.76488599879008
-124.0509720004434 40.7612429990437
-124.0491949998608 40.75796299934119
-124.0472720005866 40.75540399886858
-124.0466990003011 40.75385199872677
-124.0465140003532 40.75205499919994
-124.046754998581 40.74737999939523
-124.0465670000567 40.74043099881708
-124.0460389999771 40.73671999775839
-124.0446339998384 40.73217899904299
-124.0439839995601 40.73068699895576
-124.0425540002054 40.72956199832504
-124.0402440004186 40.72730599897285
-124.0334639999476 40.72023700027762
-124.0266940004208 40.71370899887517
-124.0242139998564 40.71067499882768
-124.0161610003896 40.69738599876865
-124.0142010004072 40.6924309988453
-124.0118520002623 40.68777899907301
-124.0108959996622 40.68682899916097
-124.0092329997807 40.68582599879463
-124.0049730000571 40.68430699912513
-124.0016699998603 40.6837979987676
-123.9999299999859 40.68291499786532
-123.9978689997211 40.68155499907995
-123.996595000002 40.68030899874012
-123.9953110002372 40.67852299923241
-123.9941969985551 40.67745399878353
-123.9927670000987 40.67638899873042
-123.9899980007275 40.67491699878668
-123.9884110001157 40.67379199872938
-123.987291999309 40.67242499783563
-123.9864009999045 40.67063599905276
-123.9801880007696 40.65960700033518
-123.9789570007082 40.65614299902375
-123.9776549996034 40.6531579992901
-123.9755719995973 40.65042099917031
-123.9705490014142 40.64525400039084
-123.9640159999172 40.63884299887243
-123.9635289998455 40.63782899899251
-123.9628690004197 40.63579699916926
-123.9621389997754 40.63424599925875
-123.9609320000035 40.63227999899376
-123.9592540000534 40.63031799933231
-123.957987000007 40.62960999922258
-123.9569639985614 40.62937999932419
-123.9563309997981 40.62902599932576
-123.9558490006476 40.62831099935885
-123.9545730003804 40.62700499883996
-123.953146999427 40.62611899876536
-123.9514099999257 40.62535599921389
-123.949896000007 40.62387199939902
-123.9483069997454 40.62256799917049
-123.9458560003916 40.62145199894569
-123.9452899997788 40.62037799884774
-123.9428200001584 40.61794499924234
-123.9416959993289 40.61627799883458
-123.9381820001432 40.61229499930403
-123.9353940014038 40.60962399939978
-123.931863000703 40.60456299886862
-123.930025000021 40.60242299937826
-123.9288380003405 40.60177399873666
-123.9276380002413 40.60028699782668
-123.926771000228 40.59999599881207
-123.9252770004009 40.59982999897558
NaN NaN
-124.0252730003886 40.73770099933733
-124.0241670000007 40.73605999895752
-124.0216060001437 40.73129699883319
-124.0203889994277 40.7294119988461
-124.0194650004113 40.72562399879657
-124.0185649998877 40.72332099933176
-124.0178989997158 40.72217199929083
-124.0155810004314 40.71905699902482
-124.0133519999372 40.71470399774094
-124.0128859997818 40.71256299917402
-124.0128549998197 40.71058199877028
-124.0136669995814 40.70719099887955
-124.0138509997044 40.70512699884912
-124.0131789996848 40.70364699776174
-124.0115289993238 40.70176399873738
-124.0089929995812 40.69848799899786
-124.0059210002613 40.69554499921295
-124.0040509997923 40.69341599884451
-124.002818999906 40.69062199785789
-124.0013529996679 40.68667400026365
-123.9986939999016 40.68240699781301
NaN NaN
-124.0296259999985 40.76043799879055
-124.0269479999657 40.75505699897764
-124.0267039995682 40.7532849988369
-124.026681000002 40.75179999892555
-124.0273930002046 40.74898699895831
-124.0284360008433 40.7465839991934
-124.0286049999994 40.74352999894285
-124.028039000285 40.74188400030983
-124.0253829999934 40.73786500029154
NaN NaN
-124.0551890014076 40.77150800035209
-124.0498230003978 40.7669359992355
-124.0466440000495 40.76399399919441
-124.0434610004016 40.76080499880754
-124.0409299997836 40.75785800027141
-124.037948999802 40.75375899911595
-124.0368390001145 40.75195399901612
-124.0357109999852 40.74891099932318
-124.0346439999554 40.74281399874936
-124.0343190002654 40.73580199886518
-124.0338470002623 40.73324799889118
-124.0298129995963 40.72404199874006
-124.029569999922 40.7223129990499
-124.0295410014063 40.72049699905694
-124.0288489986003 40.71769799940189
-124.0274030002503 40.71498799909497
NaN NaN
-124.0367329998093 40.77279199935836
-124.0356870005941 40.7715219991314
-124.0350130000264 40.76991899897973
-124.0329159997765 40.76709199921251
-124.0308949996948 40.76219999884264
-124.0296259999985 40.76043799879055
NaN NaN
-124.046155000328 40.74650399915578
-124.0452749998959 40.74552199900312
-124.0423990003947 40.74125700028492
-124.0392849994454 40.73559199931785
-124.0389229999455 40.73311899930366
-124.0367970002817 40.72843499904497
-124.0362159996003 40.72579899892682
-124.0349890006352 40.72341700028064
-124.0338659996306 40.72070399884106
NaN NaN
-124.0399959998231 40.78105599912457
-124.0393280000014 40.77982399926415
-124.038866999869 40.77792999886591
-124.038385999645 40.77488099909373
-124.0368449999623 40.77307999918721
NaN NaN
-124.0774849999098 40.82931799906884
-124.0746500004165 40.82769399878826
-124.0711560004239 40.82533199973165
-124.0680930004266 40.82288499912833
-124.0573360000894 40.81217299938006
-124.0553509999926 40.80954999906465
-124.0544539998421 40.80749499907311
-124.0522529998352 40.80487399925957
-124.0502660000886 40.80216999878703
-124.0481749996866 40.7997139991432
-124.0459360000449 40.79478299936497
-124.0459040002578 40.79271999919238
-124.0453050000331 40.78892899900476
-124.0452879994164 40.78785699908369
-124.0448379991546 40.78670499891169
-124.0442849998589 40.78588499931771
-124.0442769985647 40.78538999936925
-124.0446990001357 40.78472599924797
-124.0446820004173 40.78365299894138
-124.0435850002502 40.78259099915639
-124.0420550004381 40.78144899923694
-124.0402140002813 40.78121899934953
NaN NaN
-124.0666360004094 40.83337899922718
-124.0602719998651 40.82716499927677
-124.0575149992913 40.8235589998505
-124.0540789999233 40.81806199898657
-124.0512970001334 40.81288799879615
-124.0500660000721 40.8101759992892
NaN NaN
-124.0833580001845 40.83173899915534
-124.0803149993803 40.83069399932965
-124.077591000215 40.82923499775412
NaN NaN
