-123.6473890000196 40.00519299832158
-123.6433700003206 39.99836600032833
NaN NaN
-123.663991999969 40.0212499993146
-123.6498919992519 40.00726499787519
-123.6473890000196 40.00519299832158
NaN NaN
-123.6681350004149 40.02444699881379
-123.6679699996601 40.02325699880698
-123.6674149998164 40.02194999939859
-123.6657670000035 40.01993399886731
-123.6650629992985 40.01934099913441
-123.6642050004043 40.01886899881686
-123.6631139991867 40.01845699873935
NaN NaN
-123.6737099998654 40.02234099876353
-123.6726680008482 40.01859599884822
-123.6723280001913 40.01508699911577
NaN NaN
-123.7175619997732 40.05524599913837
-123.7152849995983 40.05239899932951
-123.713403000332 40.0503239989723
-123.7118409998345 40.04925999876031
-123.7077120014289 40.04784799926734
-123.704904999728 40.04655099886714
-123.6937380002103 40.03933699912055
-123.6873979999554 40.03376999936913
-123.6848979992995 40.03193499937351
-123.6831039998967 40.0310500003993
NaN NaN
-123.7163220003892 40.04903599895185
-123.7126550001444 40.04785899918748
-123.7110149998291 40.04714999926778
-123.7081279995589 40.046148997796
-123.7065600001119 40.04478399785854
-123.7060089995678 40.04407099927428
-123.7042839997619 40.04240899939602
-123.701057999558 40.03824899778512
NaN NaN
-123.7301180004343 40.05172199933269
-123.7290260002901 40.05142799926516
-123.7271499999732 40.05042299940705
-123.7254330005634 40.04995299928689
-123.7233299995675 40.04966299920543
-123.7180370001493 40.04938699778753
-123.7163220003892 40.04903599895185
NaN NaN
-123.7221820002451 40.05963099885115
-123.7206189999227 40.05856599914986
-123.7193669999449 40.05738099836589
-123.7175619997732 40.05524599913837
NaN NaN
-123.7347600006476 40.06702299880219
-123.729594998581 40.06370699895856
-123.7221820002451 40.05963099885115
NaN NaN
-123.726791999773 40.07242099873217
-123.7304249996827 40.06960499928987
-123.7347600006476 40.06702299880219
NaN NaN
-123.7326930014333 40.05260599908613
-123.7301180004343 40.05172199933269
NaN NaN
-123.746833001435 40.05934399916918
-123.7440950002293 40.05768599927797
-123.7433930000725 40.05739099908245
-123.7387930005903 40.05627699892847
-123.7376980000731 40.05562499898419
-123.7368340004328 40.05467499874891
-123.7351890000946 40.05342999887055
-123.7344860001128 40.05301599892064
-123.7337830001311 40.05277999878383
-123.7326930014333 40.05260599908613
NaN NaN
-123.7538640001794 40.08627800027354
-123.7526000014044 40.08372499972937
-123.7495279993896 40.07867899874143
-123.7455279999571 40.07417299900241
-123.7422449998517 40.07168699898922
-123.7381089999768 40.06938299877462
-123.7347600006476 40.06702299880219
NaN NaN
-123.7347600006476 40.06702299880219
-123.7370059999619 40.0658209992108
-123.74018699996 40.06467699907211
NaN NaN
-123.7447759995715 40.03139099926157
-123.7393630014011 40.02504599940921
NaN NaN
-123.756912999933 40.08864599930532
-123.7433679999581 40.08495299978749
NaN NaN
-123.7490160001018 40.05993099880286
-123.746833001435 40.05934399916918
NaN NaN
-123.7515240002553 40.06206599906375
-123.7485540001445 40.06040899908633
NaN NaN
-123.7691490000287 40.04789299880436
-123.7654859999818 40.04642099901616
-123.748606000023 40.03429199899081
NaN NaN
-123.7617259998505 40.06309699879512
-123.7580590014022 40.06197899909347
-123.7554869998779 40.0614530003288
-123.7523669999792 40.06051199941307
-123.750184000414 40.06004399880429
-123.7490160001018 40.05993099880286
NaN NaN
-123.7644759998533 40.06624499915659
-123.7617259998505 40.06309699879512
-123.759144999902 40.06149799913365
-123.7558559999489 40.05900799904514
-123.7502060001553 40.05287699881368
NaN NaN
-123.7642470004228 40.09254399938155
-123.7632289998984 40.0915959990929
-123.761745999942 40.09070899898474
-123.7586260000433 40.08917499890928
-123.756912999933 40.08864599930532
NaN NaN
-123.7684629997654 40.1041889989008
-123.7673530000778 40.10151599941283
-123.7661510003287 40.09717599906332
-123.7642470004228 40.09254399938155
NaN NaN
-123.776307999718 40.07597299886624
-123.7753659993616 40.07496399881747
-123.7676150000186 40.06933200030056
-123.7644759998533 40.06624499915659
NaN NaN
-123.7799679993919 40.11455600039438
-123.7794980008352 40.11414099936935
-123.777553000023 40.11367299908696
-123.7759160000808 40.11302499876948
-123.7747460001188 40.11243499903905
-123.7735739996087 40.11154699888779
-123.7705180001823 40.10840499880351
-123.7694959985617 40.10692199902436
-123.7684629997654 40.1041889989008
NaN NaN
-123.8061460000208 40.06005899894859
-123.7979000002102 40.05860599924902
-123.7913640001367 40.05726399777994
-123.785604999665 40.05591899882439
-123.782646000323 40.05503799938669
-123.7806980000362 40.05427299883224
-123.7788259999172 40.0533279993157
-123.7744549998657 40.05072799914094
-123.7691490000287 40.04789299880436
NaN NaN
-123.7773290006154 40.07710199918303
-123.776307999718 40.07597299886624
NaN NaN
-123.7962020001686 40.09138999882925
-123.7917390000555 40.08801099930893
-123.7895489999193 40.08664899872966
-123.7890720007916 40.08563799880304
-123.7868790002824 40.08385799928685
-123.7845319997873 40.08237799935288
-123.7773290006154 40.07710199918303
NaN NaN
-123.7884550001252 40.08623599925755
-123.7843860001974 40.08351099875914
-123.7778839995609 40.07829199911011
-123.7773290006154 40.07710199918303
NaN NaN
-123.7829249999823 40.08560399877566
-123.780410999981 40.08275299930266
-123.7783639999599 40.07989899909317
-123.7776519997573 40.07847199914831
-123.7773290006154 40.07710199918303
NaN NaN
-123.781296000436 40.11544299879215
-123.7799679993919 40.11455600039438
NaN NaN
-123.8097010001127 40.14013999931069
-123.8089119999172 40.13871499884645
-123.8075809993984 40.1374709992064
-123.8048460003624 40.13557799917185
-123.8021089998801 40.13344699922042
-123.7966440000344 40.1301379987741
-123.7951500002073 40.12794199915218
-123.7927290000925 40.1264049989138
-123.791867000102 40.1255159997512
-123.7913159995579 40.12456599912399
-123.7908360000572 40.12296100037216
-123.7907449998205 40.12141399923819
-123.7905070001692 40.12081999879389
-123.7900379996408 40.12040599907895
-123.7828889999973 40.12007799875949
-123.7826329999042 40.11740099900474
-123.78239000023 40.11627099911852
-123.781296000436 40.11544299879215
NaN NaN
-123.7849669999805 40.08779999934749
-123.7829249999823 40.08560399877566
NaN NaN
-123.7884550001252 40.08623599925755
-123.7847929999032 40.08571499880222
-123.7829249999823 40.08560399877566
NaN NaN
-123.7896929998593 40.09445699938583
-123.7876399999904 40.09094899937142
-123.7849669999805 40.08779999934749
NaN NaN
-123.7912910003418 40.09027799924981
-123.7907369994247 40.08914799891733
-123.7900979999153 40.08730199932038
-123.7884550001252 40.08623599925755
NaN NaN
-123.8012420007651 40.09846399877593
-123.7954539999809 40.09491099908973
-123.7938860014323 40.09354599879813
-123.7923939985601 40.09188299895447
-123.7910560001652 40.0900399991179
NaN NaN
-123.8010670008629 40.09619899906841
-123.7945769999219 40.09241099892675
-123.7926180006627 40.09074899876433
-123.7942570002547 40.09133899896794
-123.7960550007538 40.09234499924013
NaN NaN
-123.8052059993142 40.09802999922099
-123.8010670008629 40.09619899906841
NaN NaN
-123.8144479999079 40.1050859991037
-123.8100779996812 40.10367400030082
-123.8076560006398 40.10243199926407
-123.8028839998319 40.09947099934462
NaN NaN
-123.8608920014315 40.13172099887578
-123.8576809986012 40.12928999881274
-123.8570529998608 40.1285779988195
-123.8557220002403 40.12756999910267
-123.8523500004465 40.12448299980011
-123.8504730003047 40.12329899911484
-123.8470260001679 40.12057099916294
-123.845775000015 40.11991999876555
-123.8388129999692 40.11559699926924
-123.8354539996959 40.11406199939058
-123.8320209998027 40.11288299935095
-123.8274079999018 40.11021999916522
-123.8263140001078 40.10974699909017
-123.8144479999079 40.1050859991037
-123.8120190002954 40.10318899833491
-123.8081899996688 40.10117800027606
-123.8071719991444 40.10046599930026
-123.8060740000508 40.09939799898353
-123.8052059993142 40.09802999922099
NaN NaN
-123.8248169999076 40.06759700032372
-123.8218850003299 40.06606499911283
-123.8132379997629 40.06300599880974
-123.8101209993389 40.06176899787773
-123.808404999754 40.06088299937292
-123.8061460000208 40.06005899894859
NaN NaN
-123.8123139998482 40.0821699992691
-123.8107599997466 40.08211699926843
-123.8082420004457 40.08222599938063
NaN NaN
-123.8153450000585 40.08239599884779
-123.8123139998482 40.0821699992691
NaN NaN
-123.8271439994129 40.06336499913387
-123.8258199985667 40.06295399935284
-123.8236429997476 40.06272499886598
-123.8143979996792 40.06234599932036
NaN NaN
-123.8175250001489 40.08298199912687
-123.8168229999921 40.08268699918634
-123.8153450000585 40.08239599884779
NaN NaN
-123.8206509998954 40.08528999909499
-123.8175250001489 40.08298199912687
NaN NaN
-123.8525219999757 40.10663999921292
-123.8423570001904 40.09858999903702
-123.8383719999283 40.0958089991469
-123.8206509998954 40.08528999909499
NaN NaN
-123.8372660004386 40.16668499935372
-123.8330270006315 40.16146699927038
-123.8311479999416 40.15962999874709
-123.8273970000311 40.15690799877374
-123.8230150001089 40.15311699937524
-123.8211409994419 40.15211400035549
NaN NaN
-123.8400359996347 40.15453499938384
-123.8386959997934 40.15221999905635
-123.8364709985987 40.14633799894405
-123.8347370003687 40.1434289987458
-123.829165000393 40.13660900026696
-123.8225129999686 40.13068499973448
NaN NaN
-123.8331010002514 40.06964799773919
-123.8292030000278 40.06805699922801
-123.827413000823 40.06764799940937
-123.8248169999076 40.06759700032372
NaN NaN
-123.8321940000551 40.07256699881484
-123.8301659994023 40.07168299885468
-123.8289159999726 40.07085499894633
-123.8271960001897 40.06949299888502
-123.8257860000282 40.06813099908744
-123.8248169999076 40.06759700032372
NaN NaN
-123.8541670003138 40.08098699886511
-123.8490840000596 40.07684199893765
-123.8467409997625 40.07536399939842
-123.8435360003733 40.07287799886569
-123.8388469994061 40.06956499877363
-123.8334629997513 40.0666709990841
-123.8315160001877 40.06608399908261
-123.8288599998961 40.06425099905035
-123.8271439994129 40.06336499913387
NaN NaN
-123.8589080002612 40.09042899918212
-123.8571890003032 40.08912699929802
-123.8551580001757 40.08794499879196
-123.8525010000592 40.08605199914854
-123.850310999923 40.08421599896988
-123.8491340002883 40.08279299894632
-123.8459320003738 40.08072299872881
-123.8426480004436 40.07805899887345
-123.8407679999288 40.07622199884082
-123.8398309995953 40.07562999929858
-123.8384270001798 40.07498199889756
-123.8321940000551 40.07256699881484
NaN NaN
-123.8398100005772 40.07313099920776
-123.8360629999663 40.07088499928316
-123.8331010002514 40.06964799773919
NaN NaN
-123.8716630002157 40.10156299876547
-123.8674389995789 40.09806999882081
-123.862348999652 40.09315199923063
-123.8589080002612 40.09042899918212
NaN NaN
-123.8742080001792 40.14203999899248
-123.8608920014315 40.13172099887578
NaN NaN
-123.8822110003156 40.10895799875413
-123.8794000002133 40.10718499886462
-123.873696999818 40.10328099933624
-123.8716630002157 40.10156299876547
NaN NaN
-123.884675999913 40.11029199926876
-123.8822110003156 40.10895799875413
NaN NaN
-123.9453629995737 40.1578399989148
-123.9442599995589 40.15635199787505
-123.9415910006452 40.15385699776489
-123.9394739994056 40.15219499878817
-123.9375809993703 40.14939799903397
-123.9356050003927 40.14612399921459
-123.933951000732 40.14392299923869
-123.9312760001739 40.14071199775127
-123.9283730000101 40.13821799782629
-123.9248469993322 40.13572599897563
-123.9180319995995 40.13121899881366
-123.9130250004116 40.12855399883643
-123.9061380007089 40.12452499781548
-123.8970549992256 40.11883399939413
-123.8929750003254 40.11538999928337
-123.8881200005752 40.11224699918847
-123.884675999913 40.11029199926876
NaN NaN
-123.9380869997086 40.13567099889134
-123.9307159994089 40.12985399899665
-123.9187470001752 40.1236979992133
-123.906314000436 40.11772199904748
NaN NaN
-123.9403539998377 40.19145399875169
-123.9358000003863 40.18729599928872
-123.9326520000002 40.18342999908648
-123.932488000867 40.18241599890953
-123.930753999942 40.1799769991807
-123.9267439995655 40.17551899927439
-123.9248630001241 40.17415399930911
-123.9230570001274 40.17255000027301
-123.9171659994111 40.16660699884672
-123.9072049998405 40.15841399927939
NaN NaN
-123.9402919999134 40.13858599902076
-123.9380869997086 40.13567099889134
NaN NaN
-123.9435430002317 40.14531599887471
-123.9426660001727 40.14299199885459
-123.9402919999134 40.13858599902076
NaN NaN
-123.9600540001195 40.17269599896087
-123.9586370002853 40.17091199907868
-123.9543969997549 40.16693099904553
-123.9523499997339 40.16431499906655
-123.9506810000046 40.16050300036597
-123.9480349997588 40.15144399910383
NaN NaN
-123.9593129996046 40.16804499908649
-123.9523499997339 40.16431499906655
NaN NaN
-123.9568919985914 40.15797099781418
-123.9532179995721 40.15649499882506
NaN NaN
-123.9618639994158 40.17489699785743
-123.9600540001195 40.17269599896087
NaN NaN
-123.9653390000401 40.18055099973544
-123.9618639994158 40.17489699785743
NaN NaN
-123.9730840004336 40.19364699885715
-123.971823000235 40.19204099783493
-123.9704480002336 40.19061499896776
-123.9686759996738 40.18823499918729
-123.9681090001344 40.18573099893723
-123.9671469996866 40.18251299880567
-123.9653390000401 40.18055099973544
NaN NaN
-123.9785819998912 40.19817999886535
-123.9755199997188 40.19626299895459
-123.9739510004469 40.19483699897351
-123.9730840004336 40.19364699885715
NaN NaN
-123.9869490000756 40.20481000027952
-123.9828829996226 40.201553999304
-123.9818590001487 40.19995199905784
-123.9810780003492 40.19941899941193
-123.9785819998912 40.19817999886535
NaN NaN
-124.0006639999299 40.21859099911703
-123.9997190000987 40.21773099933997
-123.994696000119 40.2115619987668
-123.99179599943 40.20841999839691
-123.9869490000756 40.20481000027952
NaN NaN
-124.0335950003672 40.24409499884175
-124.0286090001974 40.24122799927065
-124.0207009995972 40.23618399940707
-124.0118210003001 40.22865699936403
-124.006621999695 40.22401199925044
-124.0033079996275 40.22069899891298
-124.0006639999299 40.21859099911703
NaN NaN
-124.1277580002633 40.36573699923371
-124.1261550006562 40.36454299928057
-124.1236990003812 40.36243199882662
-124.1213400001906 40.36060599905338
-124.118139999926 40.35864499926922
-124.1136080002159 40.35491999908574
-124.1120940002973 40.35343999902167
-124.1101789996224 40.35018399900666
-124.1065189999485 40.34858499924799
-124.105481000231 40.34788399914608
-124.1041559995599 40.346544999315
-124.1018730004356 40.34357799883858
-124.0991190002348 40.34033099905514
-124.0934130003648 40.33298399884703
-124.0892530002004 40.32918199908399
-124.0870730001099 40.32685499882971
-124.083076999977 40.32162799899485
-124.079642000434 40.31653599936465
-124.0777860002087 40.31100099908628
-124.0778389999121 40.30836500027554
-124.0777150000636 40.30630099880442
-124.075143000336 40.30276700026823
-124.0730670000026 40.30115099884733
-124.072214000233 40.30023399883783
-124.0701039995644 40.29633899907129
-124.0682880004203 40.29350899929693
-124.0673229995994 40.29138299892141
-124.0667350001436 40.28946599913641
-124.0663289993644 40.28733399902355
-124.0652510003622 40.28385599903815
-124.0643839985523 40.28208499910271
-124.0617129999888 40.27812499886573
-124.0597050003258 40.27479899929911
-124.0582559998062 40.27153799900319
-124.0558649998285 40.26757499912782
-124.053007000769 40.26361599923015
-124.0515859998385 40.26213599872685
-124.0503489999293 40.26051099905567
-124.0491999998837 40.25852899875942
-124.0480359997694 40.25562099875516
-124.0469880000061 40.25398799885114
-124.0438960005948 40.25039199926773
-124.0411159995564 40.24814599892946
-124.0335950003672 40.24409499884175
NaN NaN
