-124.1653639996275 40.23350299915848
-124.1594099991621 40.22829599783569
-124.1509929996472 40.2204809987403
NaN NaN
-124.1852309994156 40.25230799938292
-124.184377999646 40.25139199934509
-124.1758830003134 40.24464499887979
-124.1733320014005 40.24239299927024
-124.1720980000677 40.24098099909702
-124.1707609997011 40.23892999932942
-124.169811999672 40.23780099906688
-124.1678230002756 40.2357559987572
-124.1653639996275 40.23350299915848
NaN NaN
-124.210021998551 40.25272799938921
-124.2085389985945 40.25250599900548
-124.2046399994443 40.25218999929084
-124.1971610000879 40.25209099908976
-124.1945890003603 40.25193999914813
-124.191309000628 40.25137999912461
-124.1870099996481 40.25035599875355
-124.1829370004207 40.24885199893718
NaN NaN
-124.200009 40.26753499926884
-124.1951789985675 40.26267200036264
-124.1913959997683 40.25915099937335
-124.1852309994156 40.25230799938292
NaN NaN
-124.2298860006609 40.28857099890819
-124.2175359998641 40.28067000033129
-124.2126819999388 40.27899699931329
-124.2111909995864 40.27823999786541
-124.2090659997475 40.27683399884178
-124.206388000613 40.27484000030233
-124.205202999684 40.2737219990489
-124.2026579997206 40.2702979978599
-124.200009 40.26753499926884
NaN NaN
-124.2120919999349 40.25315199927191
-124.210021998551 40.25272799938921
NaN NaN
-124.2147499998762 40.25374899939909
-124.2120919999349 40.25315199927191
NaN NaN
-124.2167420014423 40.25420299939251
-124.2147499998762 40.25374899939909
NaN NaN
-124.2396890000479 40.27011199922314
-124.2332860000438 40.26393399929099
-124.2268200002906 40.25870699888872
-124.2243119992387 40.25766299890533
-124.2184259994437 40.25475099905739
-124.2167420014423 40.25420299939251
NaN NaN
-124.2495810000215 40.28087399908069
-124.247225000204 40.27869199887401
-124.2433800005822 40.27364800025953
-124.2401899985667 40.27037300033837
NaN NaN
-124.2567249996423 40.30437799899966
-124.2441830001231 40.29404099888338
NaN NaN
-124.2588160000442 40.29846699895374
-124.2586439996168 40.29745599940833
-124.2579919996886 40.29549899878926
-124.2555560004034 40.28910099881688
-124.2536390000787 40.28590799932553
-124.2521279996348 40.28390199914805
NaN NaN
-124.2591440001073 40.29959199783794
-124.2588160000442 40.29846699895374
NaN NaN
-124.2679599998303 40.310743999774
-124.2657510003259 40.30892299882952
-124.2630769995927 40.30722599928704
-124.2622849999224 40.30634199782696
-124.2591440001073 40.29959199783794
NaN NaN
-124.2783179999594 40.3157499988016
-124.2751770001442 40.3141179987749
-124.2714919985594 40.31254999898829
-124.2679599998303 40.310743999774
NaN NaN
-124.2863299994183 40.32024599781926
-124.2783179999594 40.3157499988016
NaN NaN
-124.3137320004359 40.33458999901189
-124.3108390003179 40.33384699877389
-124.2990040000802 40.32897499872811
-124.2971970002586 40.32798399890194
-124.2943640004151 40.32604999937836
-124.2906599985636 40.32323399886508
-124.2863299994183 40.32024599781926
NaN NaN
-124.3171809993243 40.3359809992786
-124.3134169998933 40.33441499937162
NaN NaN
-124.3362719993356 40.34678499892534
-124.3162629992573 40.3370619990818
NaN NaN
-124.3345800000401 40.3481709978204
-124.318035999642 40.34096999926758
NaN NaN
-124.3604049995933 40.35110799913951
-124.3557110003999 40.34979099895373
-124.3525799997322 40.34875299884444
-124.3467839985521 40.34661399911074
-124.3417799997373 40.34535800035086
NaN NaN
