-123.9962970000762 40.01515800040651
-123.9948119995716 40.01432999898885
-123.9916760006777 40.01154099887011
-123.9897220014414 40.01047599925091
NaN NaN
-124.0008380000071 40.01847799881852
-123.9962970000762 40.01515800040651
NaN NaN
-124.0447500001894 40.08653799885148
-124.0411859998766 40.07902599983883
-124.0397299996844 40.07533800026721
-124.0393280000014 40.07341899873318
-124.0392829997956 40.0704990002652
-124.0395449997364 40.06935699873507
-124.0403660006173 40.06813699925832
-124.0424370000295 40.06334299879688
-124.0432570001871 40.06205299936767
-124.0434210002187 40.06062599881888
-124.0430990000034 40.05785199786393
-124.0429450000176 40.05393599936693
-124.0425589993299 40.0530859987633
-124.0418949997062 40.05230899929903
-124.0410450003096 40.05160599915816
-124.038321000246 40.05028199778587
-124.0376590002721 40.04964799883569
-124.0349949995847 40.04618699783446
-124.0345159999089 40.0453379988376
-124.0342159994349 40.0439879994098
-124.0342849999302 40.04249099917328
-124.0346489999783 40.04191799930391
-124.0356640001296 40.04119499929094
-124.036682000654 40.0406849992277
-124.0390939996497 40.03980499887366
-124.0402879999012 40.03872399882746
-124.0404619999784 40.03786699894231
-124.0404469999098 40.03694199881414
-124.0395749998736 40.03474299933638
-124.0392789995976 40.03367799935373
-124.039260999156 40.03253799786776
-124.0387799998304 40.03154599880616
-124.0378389992989 40.0309859992549
-124.036627999329 40.0310709993538
-124.0332039996566 40.03274499878052
-124.0322739998941 40.03289699911393
-124.0302240003983 40.0329909989786
-124.0274269996415 40.03294899880626
-124.026308999558 40.03303199903993
-124.0235289994179 40.03413000038962
-124.0222260002848 40.03428599927871
-124.0198920002086 40.03416900031727
-124.0180200000897 40.03368999888429
-124.0171719994446 40.03305799918355
-124.0157489997626 40.03150599933458
-124.013469000113 40.02868199922857
-124.0102449995589 40.02515499934585
-124.0085430002177 40.02360599782687
-124.0045949997654 40.02158199879919
-124.0008380000071 40.01847799881852
NaN NaN
-124.0818119995805 40.15052899934337
-124.0794409996943 40.14791899910496
-124.0765359998807 40.14695299781202
-124.0747480003258 40.14583199915713
-124.0736150001736 40.14491799914664
-124.0707709995611 40.1418859993569
-124.0704810000312 40.14124799881563
-124.0696279993633 40.1403309992871
-124.0673990006657 40.13479899876125
-124.0652060001564 40.13161799912979
-124.0643409997929 40.12991699927462
-124.0640410002173 40.12856699888552
-124.0639979996612 40.12578999882178
-124.0644139995879 40.12250899924054
-124.0643679995571 40.11951799928199
-124.0638700014114 40.11738699934718
NaN NaN
-124.09680500025 40.16760499781392
-124.0931460004011 40.16614799906402
NaN NaN
-124.109312999434 40.17459399930976
-124.1056529997601 40.17306599886468
-124.1042399992255 40.17208399877732
-124.1022569996769 40.17046699928622
-124.0996199996519 40.16878599900183
-124.09680500025 40.16760499781392
NaN NaN
-124.1773360001326 40.23903799778795
-124.169707999915 40.23406300032222
-124.1683010001265 40.23350799925669
-124.1649960002798 40.23076499936889
-124.1597160003821 40.22697499880442
-124.1575510003603 40.22564499940116
-124.1566970007658 40.22465699912634
-124.1554690001791 40.22360199901317
-124.1545100001043 40.22183199917072
-124.1501590001442 40.2177479992411
-124.1495859998587 40.21689899908678
-124.1491980004195 40.21590599882553
-124.1473100004071 40.21442999908981
-124.1465520001737 40.21358399905227
-124.1459749996903 40.2125219994095
-124.1454089999759 40.21202899888149
-124.1445450003356 40.21039999935168
-124.1424699998272 40.20885499925087
-124.141152999552 40.20808600027354
-124.1387139998938 40.20711499898015
-124.137209000196 40.20627599880844
-124.1357849997908 40.20458199941068
-124.135110999223 40.20316399933072
-124.1347300003548 40.20266999900682
-124.134432000429 40.20146199891217
-124.1343509993398 40.19918399895929
-124.1340150006775 40.19854599886105
-124.1308930002306 40.1956589987277
-124.1299709999657 40.19331899873605
-124.1294529999319 40.19296799901251
-124.1254219996389 40.19151499784788
-124.1233550004247 40.19046899903464
-124.1204349996442 40.18850600031313
-124.1162829998757 40.18527499782459
-124.1147680001322 40.18375999885195
-124.1137160001709 40.18209699897336
-124.1123679999337 40.17926199919966
-124.1115870001341 40.17699099910791
-124.1112080000174 40.1765679987958
-124.1107719999993 40.17553999829909
-124.1103469998519 40.17515299787298
-124.109312999434 40.17459399930976
NaN NaN
-124.1944399986007 40.23456999913648
-124.1942889998863 40.23492799918458
-124.1938289995788 40.23540899874252
-124.1900430004065 40.2373529990979
-124.1878690001638 40.23785199873462
-124.1860040006159 40.23810999936933
-124.1835919998236 40.23825499974632
-124.1813310004406 40.23809999916633
-124.1797670002932 40.23770099925734
-124.1771050001539 40.23677699899483
-124.1706729998376 40.23381099930862
-124.1683010001265 40.23350799925669
NaN NaN
-124.200270000116 40.22361999884148
-124.1960589998979 40.21816199898707
-124.1951910000597 40.21745699873092
-124.1946440006119 40.21731399933994
-124.1935929995772 40.21738499901293
-124.1911909997289 40.21818399932364
-124.1893400004247 40.21936399930118
-124.1888349999113 40.21945799889698
-124.1879389995857 40.21943799778257
-124.1859459999913 40.21895299896042
-124.1822799995713 40.21860599928345
-124.1817359995982 40.21867099905183
-124.1810799985738 40.21918399978421
-124.1810100000502 40.21965999891518
-124.1812629997702 40.22084799912144
-124.1812660001432 40.22364399883373
-124.1813889992685 40.22400000034938
-124.1818189994389 40.22414399936758
-124.182441999953 40.22413699922228
-124.1836420000523 40.22367799909394
-124.1840720002226 40.22373299784476
-124.1872339999541 40.22685199785818
-124.1878200006583 40.22696599899371
-124.1890270004303 40.22692299919557
-124.1904309998457 40.22705699908257
-124.1913460004379 40.22832599935447
-124.1913620003314 40.22936699938397
-124.1906709991469 40.23005899933531
-124.1906779997179 40.23050499901389
-124.1909190006406 40.23100799872714
-124.1912739995696 40.23124199934254
-124.1920540004426 40.23135299883295
-124.1921729993699 40.23147099890114
-124.19213599956 40.23161999873425
-124.1924539995773 40.23203299884555
-124.19423100016 40.23364999887495
-124.1944399986007 40.23456999913648
NaN NaN
-124.1904989996177 40.22483199913943
-124.1900709999956 40.22464599898108
-124.1877770001023 40.2236500003737
-124.1855300000647 40.22303299881323
NaN NaN
-124.200270000116 40.22361999884148
-124.1975400002046 40.22335099888967
-124.1962170000817 40.22342499918945
-124.1900709999956 40.22464599898108
NaN NaN
-124.212259999266 40.233360999232
-124.2105739998183 40.2328089989495
-124.2069999985615 40.23085299938958
-124.2008989995796 40.22821099917557
-124.1990259996358 40.22766099937738
-124.1936000001482 40.22643699910104
-124.1925679993801 40.22601999918707
-124.1904989996177 40.22483199913943
NaN NaN
-124.2527659993193 40.21865799773124
-124.2460679997625 40.21860999900723
-124.2432660007794 40.21875899900819
-124.2393779997033 40.21915799939529
-124.2340170014113 40.21998899926514
-124.2324659998862 40.22042199910469
-124.230455999675 40.22139499918077
-124.2292269992635 40.22253799921828
-124.2277750001674 40.22433899900758
-124.2268429998568 40.22452599933806
-124.2241060002727 40.22384199930261
-124.221307999691 40.2241699992148
-124.219747000815 40.22406699910186
-124.2179469997678 40.22349099916614
-124.2165470014487 40.22350599893367
-124.2148389995647 40.22394100034888
-124.2108960000336 40.2258869993012
-124.2095789997585 40.22631699920134
-124.2087230014124 40.22638599906675
-124.2074740000111 40.22616099873962
-124.2063779996689 40.22581599893552
-124.2021449997096 40.22401599934091
-124.200270000116 40.22361999884148
NaN NaN
-124.2973390014471 40.22514499897212
-124.2948149996035 40.22308899880989
-124.2922279998072 40.22198599920806
-124.2902699985763 40.22129299902693
-124.2867510002661 40.22037899926814
-124.2826899998359 40.21964799924334
-124.2704359992985 40.21793399913179
-124.267240999955 40.21778999926106
-124.2656080002107 40.21798599878118
-124.2644440000965 40.21829599905553
-124.2605530004439 40.2185149988171
-124.252375999332 40.21860199887355
NaN NaN
-124.314095000659 40.22579899900112
-124.311824000332 40.2249909992571
-124.3106519998218 40.22482499906529
-124.3090950002455 40.22484099786195
-124.3041989995891 40.22554799878753
-124.3011630002542 40.22563999940824
-124.2973390014471 40.22514499897212
NaN NaN
-124.3245139999891 40.22973400031995
-124.3181639996885 40.22706499890366
-124.314095000659 40.22579899900112
NaN NaN
-124.4571029994071 40.2845859988469
-124.4349990014238 40.27511899877901
-124.4259209999633 40.27274899900604
-124.4144569994464 40.26925199914131
-124.393028999884 40.26175099933582
-124.381324000241 40.2566129992772
-124.3563890002673 40.24503799936247
-124.3245139999891 40.22973400031995
NaN NaN
