-123.526234000083 39.64747999914064
-123.5250950000831 39.64502099937055
nan nan
-123.5253429997803 39.64994299919772
-123.5242469994381 39.64712499780349
nan nan
-123.502083000282 39.68083099885669
-123.5007390002427 39.67827499919482
nan nan
-123.5115939995909 39.69002099941137
-123.5101160005556 39.68866999915507
nan nan
-123.5091719996511 39.73367999892344
-123.5094110000257 39.73152899930233
-123.5093130001164 39.7286259990006
nan nan
-123.4863290008026 39.59590899909401
-123.4818259996082 39.5933079993874
-123.4804099995989 39.59262699886295
-123.4762400002871 39.59002499882913
-123.4747109994016 39.58925799916071
nan nan
-123.5049460002627 39.62128399890361
-123.5017890005541 39.61657999930294
-123.5006449996331 39.61514799892474
-123.49417700023 39.60798999918503
-123.488748999296 39.60331499897493
-123.4827329998045 39.59754799931048
-123.4786410003105 39.59381099938272
nan nan
-123.503613999919 39.62103099898942
-123.502047000297 39.61833600038983
-123.5016799998759 39.61698699886191
nan nan
-123.5228760014313 39.64493999896014
-123.5183389999017 39.63684600032054
-123.5162140000628 39.63356099875286
-123.5132819995868 39.62967699886092
-123.512249999717 39.62851899937429
-123.508374999958 39.62478699900313
nan nan
-123.5150730004131 39.63272599915818
-123.5094980000643 39.62738599925482
-123.5074050000125 39.62487499890479
nan nan
-123.5048089999954 39.63262099903017
-123.5042759998929 39.63146099887037
-123.502263000207 39.62813399892934
-123.5004709995558 39.62565099885419
nan nan
-123.4914370002729 39.64611099941236
-123.4888760004159 39.64413799978478
-123.4880960004412 39.64338699880646
-123.4841640007808 39.6386849992242
-123.4824620014395 39.63634399782632
-123.4804280000406 39.6344769989536
-123.4775609998619 39.63215999905312
-123.4759759997982 39.63110900027146
nan nan
-123.5071599997901 39.63674399915779
-123.5052329994196 39.63412499909698
nan nan
-123.5050679995632 39.65106699940876
-123.5057170000166 39.64764700034927
-123.5053469992224 39.64590699936362
-123.5040259996477 39.64244899892967
-123.5020270002055 39.63842699841641
-123.5006299995644 39.63610599937807
nan nan
-123.5100430007607 39.64183199921758
-123.5083930003996 39.63921299881022
nan nan
-123.5250950000831 39.64502099937055
-123.5238310004098 39.64205699878386
nan nan
-123.4906350005569 39.65310499880719
-123.4881399999238 39.64708699896688
-123.4867970006078 39.64461599913666
nan nan
-123.4976419999102 39.65024799902414
-123.4931060000022 39.64711799925713
nan nan
-123.5297429992459 39.65805899878386
-123.5276450000695 39.65503299932808
-123.5268609998968 39.65363699932647
-123.5253429997803 39.64994299919772
nan nan
-123.5306389995715 39.65964799880548
-123.5300219998034 39.65846699918214
-123.5290019996292 39.65449199914183
-123.5273139996334 39.65017499896817
nan nan
-123.5143340004463 39.67236299904064
-123.5125719999323 39.669700998853
-123.5094129996755 39.66536499925293
-123.5044900001532 39.657614998848
-123.5024789992188 39.65488899902086
nan nan
-123.5306639996859 39.6642059992068
-123.5280030002697 39.65965399884339
-123.5275239996956 39.65836499878966
-123.5268800001634 39.6571419989795
nan nan
-123.5335689986011 39.67271199839224
-123.5327259997755 39.67088699931689
-123.5299020001528 39.66695999872808
-123.5258590001643 39.65832699921519
nan nan
-123.4971809997778 39.66500899786108
-123.4958030003016 39.66081699912237
-123.4946819998451 39.65838799935914
nan nan
-123.5093099997433 39.66684899930502
-123.5056730014323 39.66094499903624
-123.5050240000806 39.6588389992971
nan nan
-123.5175689999728 39.67542899896966
-123.5156669997166 39.67257499839339
nan nan
-123.5405719995531 39.68965699785751
-123.5391909997039 39.68579099923089
-123.5358370003517 39.67776599785721
nan nan
-123.5221949993941 39.68954299885629
-123.5204789998092 39.68518399908358
-123.5192040002652 39.68015599908956
-123.5184999995602 39.67815799877931
nan nan
-123.5196229996665 39.70204199902204
-123.5171390007008 39.69940299898722
-123.5137650003588 39.69670199935351
-123.5086629998381 39.69226399904244
-123.5060630014196 39.68867900027018
-123.5050550000427 39.68696099926262
-123.5034280001462 39.6835900003969
-123.5015800003167 39.68041299932699
nan nan
-123.5101160005556 39.68866999915507
-123.5072400001561 39.68547299927712
-123.5053160001586 39.68368199876889
nan nan
-123.5360999992192 39.69926899978005
-123.5383429999571 39.69322200036905
-123.5386690003703 39.69190899894912
-123.5390149999768 39.68917799935092
-123.5390829997488 39.68640499898045
nan nan
-123.5460839992544 39.70711299928468
-123.5445039992135 39.70284899905057
-123.5433679995867 39.69827200026921
-123.5427199998565 39.6965970003185
-123.5415869997044 39.69251399897649
-123.5405719995531 39.68965699785751
nan nan
-123.5460839992544 39.70711299928468
-123.5444890000432 39.70511699887512
-123.5434240005615 39.70337799923686
-123.5424410001973 39.70123099885007
-123.54190500062 39.6997059993661
-123.5411959998922 39.69695499889348
-123.5408619999813 39.69179599906021
-123.5405719995531 39.68965699785751
nan nan
-123.5242239998719 39.70581399921628
-123.5215100007524 39.70186499778212
-123.5197769996523 39.69963299903149
-123.5115939995909 39.69002099941137
nan nan
-123.5149920002223 39.70308499908072
-123.5098189995564 39.6957869992339
-123.508446999928 39.69355399932557
nan nan
-123.5401270002125 39.69947399932309
-123.5378850001977 39.69569599919568
nan nan
-123.5569569999425 39.71607699872771
-123.5541669997567 39.71365499921506
-123.5524069997908 39.71185299872739
-123.550533999847 39.70960099876929
-123.5478480003165 39.70603899780624
-123.5438060001529 39.69839499783612
-123.5430190014039 39.69663399941738
nan nan
-123.5317300007891 39.70743999912133
-123.5263360001903 39.70078899873464
nan nan
-123.5478039999356 39.71175199833041
-123.5460389999469 39.70883199907221
-123.5439710000094 39.7064729993844
-123.5428789998652 39.70484199928147
-123.5416160000167 39.70275999879444
-123.5411100005767 39.70162099908103
nan nan
-123.5179330000208 39.70806599977724
-123.5151649995763 39.70435299921192
nan nan
-123.5478039999356 39.71175199833041
-123.5471849996194 39.71034499910499
-123.5460839992544 39.70711299928468
nan nan
-123.5269149994252 39.71056999881338
-123.526046999587 39.70923899884376
nan nan
-123.5217079993224 39.71281899914455
-123.520419000433 39.71080099891158
nan nan
-123.5624979999561 39.75085399933926
-123.5617000004381 39.74754499886329
-123.5605689999358 39.7441079987768
-123.5598290001441 39.74099299918161
-123.5586479994131 39.73843699908794
-123.5573330005845 39.73684999923136
-123.5565730007013 39.73517499778211
-123.5559760001264 39.73263899786368
-123.5559409999663 39.73143499907129
-123.5557120014341 39.73033899935324
-123.5549760000437 39.7278679988752
-123.5533130001622 39.72348799936291
-123.5509809997357 39.7187209994108
-123.5497749997887 39.71668099915739
-123.5478039999356 39.71175199833041
nan nan
-123.5250459996793 39.71915399876071
-123.5239529997102 39.71730799874098
nan nan
-123.5367360001521 39.72415400038801
-123.534685999758 39.72116699880678
-123.5319240000596 39.717566999276
nan nan
-123.5297659997104 39.72423699934607
-123.5272140000743 39.71959999939315
nan nan
-123.5429530003833 39.73336199787639
-123.5398719999444 39.72872599917149
nan nan
-123.0392979998038 38.89337599921998
-123.0328310002256 38.88793499910346
nan nan
-123.4696680002287 39.58963699928007
-123.4655990003009 39.58467799914179
nan nan
-123.4649709997639 39.58684399786522
-123.4628860001079 39.58549999876615
nan nan
-123.4711210000479 39.59233299874197
-123.4683080002958 39.58921299875131
-123.4671669997478 39.58829399931935
nan nan
-123.4708769996504 39.59338299908166
-123.468591999978 39.590818999055
-123.4680639998984 39.5904559993598
nan nan
-123.5358370003517 39.67776599785721
-123.5347130004205 39.67390299940527
-123.5322720002141 39.66889899928123
-123.5320989999617 39.66771699882254
-123.5323679995753 39.6661899990955
-123.5321330002969 39.66384699892216
-123.5318770002039 39.66268699834783
-123.5307800000368 39.66002299879077
nan nan
-123.5007390002427 39.67827499919482
-123.4993419996017 39.67614799877035
-123.4972690014379 39.67191499903804
nan nan
-123.5053160001586 39.68368199876889
-123.5010749998034 39.67924199924209
nan nan
-123.5092820001543 39.72813199973162
-123.5094560002315 39.72415400038801
-123.5092930000249 39.71938099911306
-123.5084659992962 39.71510500034434
nan nan
-123.505265000105 39.72457199897831
-123.5066939996348 39.72166599929977
nan nan
-123.5092820001543 39.72813199973162
-123.5096649995706 39.72688399933885
-123.510093000091 39.72367899925965
nan nan
-123.5093130001164 39.7286259990006
-123.5092820001543 39.72813199973162
nan nan
-123.5080910002758 39.74524999912397
-123.508550999685 39.74284099887186
-123.5090560001984 39.73830299902391
-123.5091719996511 39.73367999892344
nan nan
-123.5072979998824 39.74776799922652
-123.506846000869 39.74628499885458
-123.5053970003495 39.73979499985264
-123.5047350003756 39.73513099932637
nan nan
-123.5040030000815 39.73883099924125
-123.5042700000452 39.73667999940819
-123.5042640001974 39.73536799973574
nan nan
-123.1416880001422 39.06996799938955
-123.149376999561 39.08878899920433
nan nan
-123.1416320000657 39.13116800033899
-123.14810500039 39.14227099931945
-123.1543779997994 39.14998099915456
nan nan
-123.2204959998688 39.2006319992359
-123.2291629996289 39.2116439994013
-123.2290680000927 39.21364599897937
nan nan
-123.2087679997612 39.25682899918623
-123.2096309995766 39.25906499907888
-123.2333300003643 39.27747499941982
-123.2420470003531 39.28269399914177
nan nan
-123.2266310000843 39.28735099932396
-123.2387389992351 39.29359499879696
nan nan
-123.3180549998482 39.3752429988784
-123.3387359999461 39.40281199932404
nan nan
-123.3103879992724 39.38119199922659
-123.3153120004163 39.39007799929058
-123.332004999879 39.41212699927148
nan nan
-123.3886949995819 39.44849299891558
-123.3953310001128 39.4571099990448
nan nan
-123.4791800002608 39.6926149991935
-123.4774399985897 39.68757199878808
nan nan
-123.4817760002779 39.69054999907432
-123.4805669999578 39.68804999916377
nan nan
-123.482215000669 39.69579700028661
-123.4806359995548 39.69200599913447
nan nan
-123.4838769998273 39.70669399921545
-123.4827079996902 39.7014079989516
nan nan
-123.492558999656 39.71426400034763
-123.4920839992798 39.71289199935027
-123.4904549997335 39.70970699941498
-123.4889750001501 39.70502699873926
nan nan
-123.483626999582 39.70911699916252
-123.4837769993699 39.70766399931751
nan nan
-123.4920980004219 39.71604099887827
-123.490995000407 39.7141059990192
-123.4894739999174 39.71188899938051
-123.4878510002188 39.70995499911594
nan nan
-123.4874950005667 39.71193399878836
-123.4867570004248 39.7101999994108
nan nan
-123.4907450001618 39.71648899935168
-123.4885920007338 39.71257799889196
nan nan
-123.4916620004038 39.72351100035517
-123.4923700004084 39.71870499917209
-123.4926660006844 39.71478799920629
-123.4926569995653 39.71289099873268
nan nan
-123.4911409999969 39.7235929989339
-123.4903839995884 39.71729699887016
nan nan
-123.4962779997794 39.72995899936176
-123.4923950014211 39.72403400036099
nan nan
-123.4988820001924 39.74117699886647
-123.4985109995733 39.73964299899218
-123.4986540005868 39.73689799904863
-123.4982749995718 39.73366900028256
-123.4975799999859 39.72987499932096
nan nan
-122.600106999633 38.4908859993158
-122.5989159997546 38.49088599931579
-122.5963779985655 38.49033899900205
-122.5947880002755 38.49023999919428
-122.5934190001219 38.48999199915691
nan nan
-122.5915760003153 38.49002399914167
-122.590553999593 38.49067799778209
nan nan
-122.6114709996925 38.4937819990156
-122.6101330003993 38.49249999942996
nan nan
-122.5860100001874 38.49498099929256
-122.5815650014143 38.49370499941895
-122.5804809998693 38.49353999940353
nan nan
-122.6209929997704 38.49534599912566
-122.6192450003984 38.49498199906923
nan nan
-122.5906440000047 38.49614899899859
-122.587126000621 38.4952869992163
nan nan
-122.6362190000684 38.52416999885763
-122.6352679985929 38.52371799899332
nan nan
-122.5716659999712 38.49087299936937
-122.570181000365 38.49041699922348
nan nan
-122.5804809998693 38.49353999940353
-122.5745449998455 38.49181899897369
nan nan
-122.6008170001858 38.50277299780655
-122.5994029998263 38.50175399932659
-122.5963409996539 38.49991899929005
-122.594552000274 38.49869799936862
-122.592919001428 38.4973239990694
-122.5913710002759 38.49641299785893
-122.5906440000047 38.49614899899859
nan nan
-122.6352679985929 38.52371799899332
-122.6268080003187 38.52039999880594
-122.6261029997887 38.5200029994254
-122.6242790002487 38.51883599874028
-122.6227129995533 38.51805899941145
-122.6208299995638 38.51676699929259
-122.6186089985671 38.51494699895098
-122.6158340002465 38.51351599936829
-122.6152790004027 38.51311199908587
-122.6137329997987 38.51150899892485
-122.6123650003683 38.51074699893645
-122.6118099996262 38.51031099918665
nan nan
-122.6440039997466 38.52843599892886
-122.6423400000402 38.52743999886236
-122.6404379997841 38.52655199937951
-122.6387149996281 38.52530699915864
-122.6362190000684 38.52416999885763
nan nan
-122.5934190001219 38.48999199915691
-122.592244000137 38.48981299909007
-122.5915760003153 38.49002399914167
nan nan
-122.5745449998455 38.49181899897369
-122.5716659999712 38.49087299936937
nan nan
-122.6101330003993 38.49249999942996
-122.6096379999317 38.49196399882757
-122.609258999815 38.49184599974929
-122.607879000689 38.4919059987804
-122.6069530002261 38.49216299901028
-122.6061730002515 38.4921539992612
-122.6047039996404 38.491404998939
-122.6035930001279 38.49128099927405
-122.6015920001376 38.49059599919616
-122.6009069996991 38.49058999876434
-122.600106999633 38.4908859993158
nan nan
-122.6192450003984 38.49498199906923
-122.6177490000231 38.4946179978768
-122.6168850003828 38.49453499907037
-122.6163689999988 38.49484099877919
-122.6150209997615 38.49471799777725
-122.6145470001086 38.49477499929657
-122.6136730004226 38.49526399882144
-122.6134310005733 38.49518099935308
-122.6129779999384 38.49474299931262
-122.6123670000181 38.49455200029914
-122.6114709996925 38.4937819990156
nan nan
-122.587126000621 38.4952869992163
-122.5860100001874 38.49498099929256
nan nan
-122.6246600000153 38.49884799875708
-122.6245019998315 38.49774499911683
-122.6236170002749 38.49734199938396
-122.6234269994057 38.49710999935958
-122.6232060003711 38.49632199883772
-122.6229739996692 38.49605699917906
-122.6209929997704 38.49534599912566
nan nan
-122.6345770001033 38.49792499889889
-122.632861999445 38.4975339991785
-122.6259349995593 38.49686699922385
nan nan
-122.6418029997398 38.499978000327
-122.6391950000271 38.49901099912577
-122.6371549996787 38.498374998847
-122.6360609998847 38.49815699911068
-122.6342930004212 38.49791499943056
-122.6326699998243 38.49796399913222
-122.6317109997495 38.49808099900241
-122.6305190000462 38.49847499915678
-122.6295299998341 38.49811999915124
-122.6290460001355 38.49806899938502
-122.6275120001253 38.49745199925562
-122.6253010000728 38.49707299886235
nan nan
-122.6305500000083 38.49850799931991
-122.628665000369 38.49849799782337
-122.627483999638 38.49867699881067
-122.6262640003455 38.49834199932599
-122.6255480008433 38.4983719989551
nan nan
-122.6485059993195 38.49913799940749
-122.647643999329 38.49885399920421
-122.6470120003906 38.49880199882786
-122.6424990000488 38.49974899878446
-122.6410880000624 38.49962899897179
nan nan
-122.6449899995856 38.50137299899242
-122.6431580014463 38.50046299877405
-122.6417049998305 38.49994899896542
nan nan
-122.6118099996262 38.51031099918665
-122.6050320006018 38.50595499909202
-122.6035450004473 38.50470999902508
-122.6008170001858 38.50277299780655
nan nan
-123.0289940001014 38.88939699881645
-123.0290879998128 38.88995899880319
nan nan
-123.029666999946 38.88421899980494
-123.0312899996445 38.88734999934344
-123.0324269999946 38.89004199876903
nan nan
-123.0346420002451 38.89441799975347
-123.0335939995835 38.89254999781306
-123.0327759999741 38.89072299882796
nan nan
-123.0349089993105 38.89493399880659
-123.0367789997796 38.89887599927808
nan nan
-123.0333550001073 38.89890599775953
-123.0358490000171 38.90216799920096
nan nan
-123.0386379985814 38.9063569989872
-123.0363129996243 38.90280099881326
nan nan
-123.0371050001928 38.89950199936059
-123.039908999724 38.90429099908669
nan nan
-123.0403450006405 38.9049919989012
-123.0412920001214 38.90678299930193
nan nan
-123.0409089998068 38.9101599989795
-123.0389639998929 38.90698299882389
nan nan
-123.0433490001882 38.91357899942711
-123.0412929999463 38.91078499786173
nan nan
-123.0415900000472 38.90740999779798
-123.0423150006687 38.9090089994189
-123.0439959991952 38.91202500034581
-123.045919000266 38.91609799901327
nan nan
-123.0476540001176 38.92049099915595
-123.0493449995882 38.93363399915873
nan nan
-123.0530260000768 38.95311399935776
-123.0537330002565 38.95533499933548
-123.0549059996933 38.95755099940827
nan nan
-123.0686469985884 38.99314899894044
-123.0687390004466 38.99355299896646
nan nan
-123.0720109997829 38.99642399902802
-123.0732060007576 38.99733599892602
nan nan
-123.0742010008175 38.99831599907763
-123.0748739997637 38.99905199890966
nan nan
-123.0744670000579 38.99878599915755
-123.0745859998836 38.99907699899244
nan nan
-123.0764210001926 39.00496799881034
-123.0754470000492 39.00192899876055
nan nan
-123.0776939991884 39.00966599884564
-123.0754799996611 39.00634699940812
-123.0723990001205 39.00246899896484
nan nan
-123.0782609996261 39.00943599936797
-123.0765370014419 39.00553199911767
nan nan
-123.0809799996668 39.01409999915714
-123.0781090001885 39.01016199883372
nan nan
-123.0827580000744 39.01658799937848
-123.0814769997843 39.01489699906303
nan nan
-123.0847169993336 39.0181009978571
-123.0841380000987 39.01774999772979
-123.0836400001563 39.01725899873846
nan nan
-123.0854450003281 39.01924599903281
-123.084304999605 39.01795599925651
nan nan
-123.0976749996777 39.03534299880359
-123.0959990002757 39.03348699879276
nan nan
-123.0996910006349 39.03778899916185
-123.0977980005996 39.03552699927376
nan nan
-123.1473389997607 39.09761299911979
-123.1454080000906 39.09543799938837
nan nan
-123.244092999651 39.26774499879059
-123.2465339998574 39.27133999892953
nan nan
-123.2560850002475 39.2840289993666
-123.2577700007687 39.28647199892202
nan nan
-123.2623159998241 39.29234599927926
-123.2645370008208 39.29469599899304
-123.2677170000957 39.29714499916233
-123.2734290007118 39.3024409992896
-123.2760800000821 39.30463699940019
nan nan
-123.2915030000237 39.32047899924496
-123.2916829999488 39.32065999919275
nan nan
-123.293247999921 39.32125699874921
-123.2974049997123 39.3241269989872
nan nan
-123.2945869999374 39.32390799894971
-123.2953080003609 39.32487999900504
nan nan
-123.2988380003384 39.32866799921519
-123.3019780003286 39.33198299899913
nan nan
-123.3829130004422 39.44860899940566
-123.3834019992654 39.44959799933675
nan nan
-123.3943440004489 39.48293099890242
-123.3948130000789 39.48450299784339
nan nan
-123.3950180001183 39.48534899920303
-123.3961620001411 39.49101399880009
nan nan
-123.4256680001829 39.53384399907384
-123.4273229996685 39.53616399890272
-123.4282630003751 39.53776799911766
-123.4290390001518 39.53947699779788
-123.4300819998922 39.54252399883175
nan nan
-123.4271319998728 39.53500699920716
-123.4319330000947 39.54009099908712
-123.434190000178 39.54290299884914
nan nan
-123.4327499998793 39.54706199780036
-123.43297699966 39.54727399881251
nan nan
-123.4341359997514 39.54843999903532
-123.4352130007253 39.54962799885808
nan nan
-123.4373020005791 39.54745699908034
-123.4400729996001 39.55154299918415
nan nan
-123.4362929993773 39.5509239978196
-123.4372020001217 39.55200699896329
nan nan
-123.4425849999516 39.55931499873822
-123.4442800014168 39.56085999910077
nan nan
-123.4432040002678 39.55840599917731
-123.4437330001723 39.55971399908497
-123.4450479998993 39.56175299916358
nan nan
-123.4484019992514 39.5672039993431
-123.461595999597 39.58480099882667
nan nan
-123.0287800007395 38.88454199916767
-123.0286550001677 38.88584699911812
nan nan
-123.0437810000084 38.91537499878965
-123.0450830002149 38.91776999928691
nan nan
-123.0529370003883 38.94533199915547
-123.052831999908 38.94580999776723
-123.0523859998442 38.94636499920932
-123.0523280001179 38.94702399939779
nan nan
-123.0556399996372 38.94697300042671
-123.0566290007476 38.94766099893496
nan nan
-123.0529889993686 38.95294199926762
-123.0526300002416 38.95008799932976
nan nan
-123.0585889998317 38.9537459989312
-123.0610550001524 38.95805699885958
-123.0619099995719 38.96014899873302
nan nan
-123.0627020001404 38.95922000035083
-123.063487000138 38.96166399898576
nan nan
-123.056891999615 38.96164799913851
-123.0573619999683 38.96618699889773
nan nan
-123.0654019999146 38.97062399889669
-123.065610000327 38.97102699884886
nan nan
-123.065786999879 38.97133999942538
-123.066083000155 38.97185499915099
nan nan
-123.0663180003317 38.97205500029279
-123.0666110002346 38.9723899978497
nan nan
-123.0637220003146 38.97765699785216
-123.0633259995812 38.97557599881553
-123.0633850000307 38.97439899872969
nan nan
-123.0550189996712 38.95775099902409
-123.0565540004045 38.96094799914119
-123.0584769996787 38.96341999902857
-123.0588049997418 38.96412999912923
-123.0590850001242 38.96524799874297
-123.0592109996226 38.96695299939525
-123.0601600014483 38.970042998869
-123.0614240002234 38.97590999922061
nan nan
-123.0644919993452 38.9809799994086
-123.064031999936 38.97913899780677
nan nan
-123.064436999992 38.97924799902346
-123.0649399999572 38.98207699917426
nan nan
-123.0688419985821 38.99457299903568
-123.0683810002463 38.99423999919196
-123.068131000001 38.99388699904729
-123.0674730002251 38.99163999874652
nan nan
-123.0672550006652 38.99053899906969
-123.0680489999853 38.99165699932762
nan nan
-123.0658300004351 38.99167699939002
-123.065870000618 38.99299600027958
-123.0664580000738 38.99440799899448
-123.0701889998927 38.99975799896652
nan nan
-123.0718489994012 39.00176799925689
-123.070251999642 38.99985499910815
nan nan
-123.0835829993566 39.01711599874511
-123.0825349995933 39.0155169992377
-123.0809160000927 39.01407399928742
nan nan
-123.0896270002338 39.02498699914739
-123.087781999879 39.02283699980939
-123.0868560003145 39.02155399928105
-123.0855549999329 39.01935699877413
nan nan
-123.090931999915 39.02403699929049
-123.0902500007479 39.02258499932644
-123.089838000121 39.02203399878315
-123.0887500001747 39.021017999359
nan nan
-123.0921839998928 39.02813899935309
-123.0898160003796 39.025270999006
nan nan
-123.095913000062 39.03329299781772
-123.0951109994476 39.03218199928801
nan nan
-123.126034000222 39.06130799904377
-123.1251210001779 39.06009299875862
nan nan
-123.1234289999841 39.06436799882417
-123.1251609985642 39.06610299900049
nan nan
-123.1370609999976 39.08124499898112
-123.1338980004412 39.07753199919387
-123.1312410003248 39.07479199898856
nan nan
-123.1453510001892 39.09525399884913
-123.1448959999045 39.09448599929529
-123.1445899995827 39.09361499934892
nan nan
-123.1749939996 39.14754799879318
-123.1737609998888 39.1458889987479
nan nan
-123.1807899998818 39.16051299890297
-123.1813160003115 39.16143400030823
nan nan
-123.1809880002484 39.16054999886447
-123.18216399916 39.16174699980722
nan nan
-123.1814879998406 39.16181699897946
-123.1818829998509 39.16270000032799
nan nan
-123.1825020001671 39.16217899900024
-123.1831420003997 39.16299599932734
nan nan
-123.1837410006244 39.16327199893811
-123.1848039995579 39.16500599901884
-123.1858309994048 39.1671079993863
-123.187303000389 39.16889399888075
nan nan
-123.1859279985909 39.16984299900809
-123.1863330004435 39.1702929987816
-123.187852000385 39.17277599939978
-123.1891060000125 39.17420800038602
nan nan
-123.1861900003283 39.17161399977325
-123.1868949999599 39.1743589992407
nan nan
-123.1884139999014 39.17621999930526
-123.1906390001977 39.17899999940116
nan nan
-123.192123999804 39.17890799933413
-123.1930650003355 39.18378399922543
nan nan
-123.2036730007098 39.20162199895834
-123.2049049996977 39.20220099928495
nan nan
-123.2127520001985 39.2109399993474
-123.2109989999053 39.2089269994151
nan nan
-123.2156989998449 39.21900899912026
-123.2164339996137 39.22134099923069
nan nan
-123.2327660002997 39.2513679991965
-123.232495999963 39.25096200028874
nan nan
-123.2367149996786 39.25696699884296
-123.2370229996502 39.25735899929946
nan nan
-123.2381750000688 39.25867699930011
-123.2401290002035 39.26077599932631
nan nan
-123.2421939997679 39.2673219992034
-123.242409999678 39.26781699895439
nan nan
-123.2425069997624 39.26800599877156
-123.242741999939 39.26848599876492
nan nan
-123.2428209995817 39.26871899873701
-123.2430549999335 39.2691839983743
nan nan
-123.2431520000178 39.26944599932057
-123.2433489996613 39.26989799893181
nan nan
-123.2447289996856 39.27259200037772
-123.2467169992572 39.2744409993763
nan nan
-123.2469230000198 39.27759699888134
-123.2458850003023 39.27528399911923
nan nan
-123.250647999991 39.27767499904132
-123.2480159999889 39.27561199874884
nan nan
-123.2662099998497 39.29674999907625
-123.272783999558 39.30039299917158
nan nan
-123.2702339995717 39.30210599880755
-123.2760290000285 39.30477799881868
nan nan
-123.2767309992871 39.30306099880524
-123.2775539998178 39.3048289993518
nan nan
-123.30496099996 39.33307899915487
-123.3050909996563 39.33366999925904
nan nan
-123.3051529995806 39.33391999919507
-123.3054279999402 39.334417998805
nan nan
-123.3028050001589 39.33221399782731
-123.3049390002187 39.33499299874324
nan nan
-123.3021009985556 39.3321769993778
-123.3045099998733 39.33552200031836
nan nan
-123.3126970001327 39.34568799895409
-123.3128760002328 39.3466329993556
-123.3148450004361 39.3523609978054
nan nan
-123.3139469995623 39.34824699930198
-123.31518200072 39.35022899935447
-123.3178609996794 39.3551749990934
nan nan
-123.3268739999442 39.36851499879207
-123.3296430002137 39.37379199881714
nan nan
-123.358396000045 39.41384999939665
-123.3591049998745 39.4148529989783
nan nan
-123.3607519998625 39.41808899926643
-123.3619499994136 39.42124299904132
nan nan
-123.3639999998078 39.42632499931997
-123.3648479995545 39.42777599915376
nan nan
-123.3669849999873 39.42835799778348
-123.3695900002252 39.43095999909294
nan nan
-123.3923219996438 39.47739199925949
-123.3931310008292 39.48031799927716
nan nan
-123.3948460005892 39.48470199885865
-123.3949799995852 39.48518599877695
nan nan
-123.4014090004268 39.50084499877654
-123.4021790003558 39.50173399879338
nan nan
-123.4078959991981 39.50971999939877
-123.4085789999868 39.51071599904743
nan nan
-123.4038310003666 39.50680299926887
-123.4074220004435 39.51159299882707
nan nan
-123.4097749998881 39.51324599839581
-123.4102330014441 39.5150619988901
nan nan
-123.4098679997744 39.51492599932517
-123.4103729993895 39.51606299888957
nan nan
-123.4106150001372 39.51608399892407
-123.4124620001417 39.51806999913838
nan nan
-123.4146469993567 39.52035499873048
-123.4153030003812 39.52151399783122
nan nan
-123.4210799985997 39.52905900031165
-123.4240320000655 39.53203399914165
nan nan
-123.4255700002736 39.53355599894589
-123.4269550003208 39.53496399906776
nan nan
-123.432102999974 39.54655099937065
-123.4325619995583 39.54691900027414
nan nan
-123.4353149999342 39.54441099879068
-123.4371820000302 39.54730599902665
nan nan
-123.4331159995772 39.54742599917871
-123.4339779995676 39.54830199926609
nan nan
-123.4353270014264 39.54978399905907
-123.4361619998561 39.55080100036407
nan nan
-123.4373350001911 39.55216399883823
-123.4399599996222 39.55673099940083
nan nan
-123.4424229995699 39.55919799928446
-123.4404540002649 39.55726099888532
nan nan
-123.4401589998138 39.55168599895575
-123.440670000175 39.55248599888188
-123.4431859998261 39.55818499884005
nan nan
-123.4451630004253 39.56196599894746
-123.4482530001868 39.56704099912462
nan nan
-123.4619220000102 39.58532699891083
-123.4620170004448 39.58698399782987
nan nan
-123.459335000214 39.59000599896244
-123.4596859998433 39.59073599894725
-123.460569999575 39.59191299927266
-123.4624279985519 39.59372499928871
nan nan
-123.4621200003769 39.59050799908196
-123.4622190001112 39.5921449991361
-123.4626479995582 39.59366299929955
-123.4631410003761 39.59462699781186
nan nan
-123.4624519997397 39.59486899940185
-123.4627470001908 39.59598699875298
nan nan
-123.485501000249 39.65046599928193
-123.4879419995571 39.65386899914965
nan nan
-123.0297530001597 38.88021399899764
-123.0291289998206 38.88287399932856
nan nan
-123.0267359992948 38.8785079993555
-123.0294319997693 38.88390599917958
nan nan
-123.0289350014485 38.88334799938956
-123.0293439999058 38.88744799877261
-123.0292590004153 38.88782099922336
nan nan
-123.0286579996424 38.88619599875071
-123.0290179985942 38.8892059989868
nan nan
-123.0304960003245 38.89406399882836
-123.0307039998386 38.89451199931557
nan nan
-123.0308820001138 38.89484799887518
-123.0318390014371 38.89742699929786
nan nan
-123.0320889998858 38.89672699937154
-123.0326570001483 38.89820699887809
nan nan
-123.0291759996763 38.8901719977793
-123.0297380000911 38.89427699877879
-123.0295859997551 38.89867099778013
nan nan
-123.0381739998725 38.90357899873771
-123.0391599997115 38.90415499786724
nan nan
-123.0396830006666 38.9044429988254
-123.0405539999795 38.90497499919302
nan nan
-123.043495999603 38.91377499915548
-123.0467619999899 38.91767099889191
-123.0471589996499 38.91843599937105
-123.0475920001933 38.9202839989938
nan nan
-123.0514180004468 38.93968299927895
-123.0514340003404 38.94021499889245
-123.0516330014303 38.94064799893322
nan nan
-123.0516940006314 38.94084999912884
-123.0529390000381 38.94518000036273
nan nan
-123.0493730000756 38.9338500004131
-123.0495949998334 38.93561199876846
-123.0504480013997 38.93783699888082
-123.0521269993781 38.94037499877826
-123.0534739997904 38.94347799922842
-123.0554970004204 38.94684099901525
nan nan
-123.0626150001018 38.95899999908627
-123.0607079998228 38.95372799936177
-123.0597949997787 38.95177599905495
-123.0587930000462 38.95004999889312
-123.0567450002002 38.94778499942624
nan nan
-123.0523059985799 38.94744300041868
-123.0524340004231 38.94836299902341
nan nan
-123.052471000233 38.94888099940804
-123.0525409996549 38.94977899875519
nan nan
-123.0556999999117 38.94723199883524
-123.0574540000298 38.95155999931341
-123.0585020006914 38.95359499898622
nan nan
-123.0623250005718 38.96119199917904
-123.0619959997856 38.96036199942539
nan nan
-123.0653280002947 38.97128499932834
-123.0651829996314 38.96991799877384
-123.0641599999825 38.96733099916896
-123.0624779998344 38.96177500035864
nan nan
-123.0656489997868 38.97119299903235
-123.0650279998208 38.97236499881645
-123.0643270003871 38.97332000031557
nan nan
-123.0641780004242 38.97346599900183
-123.0634419999321 38.97426099907069
nan nan
-123.0637549999266 38.97785599934549
-123.0639420004226 38.97879999931205
nan nan
-123.0641830004471 38.97380399920632
-123.0641750000511 38.97708399923013
-123.0644069998547 38.97906499875585
nan nan
-123.0673550002243 38.99139699939847
-123.0655140000676 38.98623399784541
-123.064941999607 38.98230999878969
nan nan
-123.068171000184 38.99197399877892
-123.0685299993109 38.99291599939239
nan nan
-123.0687779999063 38.99365499893677
-123.0689560001815 38.99443199883397
-123.0692909999173 38.9950169989498
-123.0699479998683 38.9954699989396
-123.0719039996528 38.99637099908902
nan nan
-123.0733330000809 38.9974599990455
-123.0741220002764 38.99826199942407
nan nan
-123.0747740002046 38.99989499878242
-123.0746189985973 38.99917699923516
nan nan
-123.0756099993575 38.99993199929867
-123.0749929995894 38.99919599884644
nan nan
-123.0753579985641 39.00171399874728
-123.0746820001431 38.99984199934878
nan nan
-123.0761310006627 39.00094699899103
-123.0756579999363 39.0001289987972
nan nan
-123.0886140006306 39.02087499929076
-123.0845130000174 39.01789499884663
nan nan
-123.0950040002158 39.03203899877511
-123.0926519996979 39.02890399942548
-123.0923760004117 39.02820299932893
-123.0910719996571 39.02429099891584
nan nan
-123.0917479998747 39.02628199923347
-123.0932149999376 39.02696899915507
-123.0945949999619 39.02823900038028
-123.1001259999298 39.03479799882052
-123.1025029996638 39.038059998805
nan nan
-123.1035320000587 39.0403149989746
-123.102608999969 39.03834000039555
nan nan
-123.1054870000183 39.04253499881467
-123.1048540003567 39.04168299880123
-123.1036719998008 39.04052699934589
nan nan
-123.1071790002122 39.04544299878005
-123.1066489995844 39.0447329994057
-123.105650000225 39.04284099918106
nan nan
-123.1086760004123 39.0475809994138
-123.1076470000173 39.04668399903016
-123.1065249997359 39.04498499906315
nan nan
-123.1079819997531 39.04642699899863
-123.107293000015 39.04561099905602
nan nan
-123.1106569994129 39.04975699878443
-123.1096839999926 39.04905199879125
-123.108980000186 39.04806399924908
nan nan
-123.1193080001777 39.06371499773969
-123.1167670004123 39.06212499920795
-123.1159809996915 39.06145399892002
-123.1150570006751 39.06030999893217
-123.113840999784 39.05834399900445
nan nan
-123.1285570004441 39.06562099926681
-123.1261050003671 39.061423998779
nan nan
-123.1261220000855 39.06702099877212
-123.1258750002133 39.06681299975293
-123.1253239996692 39.06622799935623
nan nan
-123.128955999754 39.06954199875046
-123.1291599999685 39.06871199899045
-123.1291609997934 39.0680189988657
-123.1287540000876 39.06646699897383
nan nan
-123.1080910004313 39.04665699883736
-123.1109689995824 39.04999299924555
-123.1146420005734 39.05394499839566
-123.1199989995657 39.05918199936428
-123.1207350000577 39.06005499877536
-123.1224699999093 39.06259399901757
-123.1238399998878 39.06536999879257
-123.1243860004091 39.06612799908935
-123.1261120000398 39.06794699892454
nan nan
-123.1295569996285 39.07273099898719
-123.1261520002228 39.06818499885708
nan nan
-123.1260740004049 39.06913200038299
-123.1256299999909 39.06839799940858
nan nan
-123.129103999892 39.07309299880781
-123.1261689999412 39.06925799898826
nan nan
-123.1315650001898 39.07402299903477
-123.1299309997223 39.07127299898783
nan nan
-123.1311480004383 39.0747429994092
-123.1295260005647 39.07270699782763
nan nan
-123.1261680001163 39.0672069993409
-123.1282590014166 39.06963199924705
-123.1289780003936 39.07091599941274
-123.1297430002997 39.072871999271
nan nan
-123.1306270000314 39.07510599941318
-123.1291299998312 39.07323699927593
nan nan
-123.1327590004413 39.07822499935221
-123.130754000253 39.07521599923589
nan nan
-123.1286219998431 39.06573299888203
-123.1292720001215 39.06693000036643
-123.1301299999139 39.06904499893977
-123.1313559999525 39.07113999909738
-123.132577999793 39.07269399891052
-123.1343219998654 39.07431399883573
-123.1352900001611 39.07565599890412
nan nan
-123.1394450003026 39.08354099920482
-123.1371780001735 39.0813929993669
nan nan
-123.1443280014386 39.09291799921755
-123.1435110007556 39.09058699941305
-123.1401929995919 39.08455699904056
-123.1395249997702 39.08298799932194
nan nan
-123.1475189996857 39.09780599936563
-123.1491869995901 39.10073099908789
-123.1497129991216 39.10219799931432
-123.1500750004182 39.10455399911432
nan nan
-123.1467899997647 39.10000799787279
-123.1478760000611 39.10174699877467
-123.1503280001382 39.10505199935679
nan nan
-123.1519179993264 39.10696300033619
-123.1504200001997 39.10518799899617
nan nan
-123.1522949997933 39.10751300029069
-123.1519509998367 39.10706299918962
nan nan
-123.1495260004222 39.10088599885858
-123.1512190004409 39.10280799879416
-123.1549639996053 39.10807099883704
-123.1567179997234 39.11157299885561
-123.1575359993329 39.11393899876254
nan nan
-123.1616939998475 39.12575599877758
-123.1623659998671 39.12617399916245
-123.1627080001739 39.12655799879702
-123.1640830001754 39.12853499875448
nan nan
-123.1672869997396 39.14085999975237
-123.1707410004475 39.14414299785243
nan nan
-123.1736400004133 39.14578499892202
-123.1709880003197 39.14311599880245
-123.1710850004041 39.14368099940259
-123.1720510001516 39.14554399899613
nan nan
-123.1819370002775 39.16279499919423
-123.183059000559 39.16423299898281
-123.1835529994051 39.16460399921782
nan nan
-123.1831979995778 39.1631159990186
-123.1839440001156 39.16594799903355
-123.1843130001866 39.16863399940642
nan nan
-123.1897850006032 39.17419799938507
-123.1910380004059 39.1763619994131
-123.1920419997883 39.17875199927838
nan nan
-123.1906890004264 39.18096499938719
-123.1921740000327 39.18280099888949
nan nan
-123.1925890001344 39.18356799877242
-123.1936640005602 39.18473199905107
-123.1950759985749 39.18701599930223
-123.1955619997201 39.18817699938364
nan nan
-123.1955790003368 39.18921099877112
-123.1962770002957 39.19018499896148
nan nan
-123.2039889992807 39.20422199878829
-123.2061319995612 39.20782499907105
nan nan
-123.2041410014132 39.20134599881825
-123.2051869997301 39.20199599921369
-123.2061609998735 39.20295799936994
-123.2084439998961 39.20613799934754
-123.2108399998967 39.20880499878813
nan nan
-123.2062789998743 39.20808799911597
-123.2081409999474 39.21140999890687
nan nan
-123.2132839995778 39.2125079993442
-123.2143869995926 39.21619099902219
-123.2156389995704 39.21888699930638
nan nan
-123.2105100001838 39.20880899902884
-123.2117299985779 39.21107399938537
-123.2131470002087 39.21423699881509
-123.2137689999997 39.21752399897276
-123.2145300006061 39.21974699889353
nan nan
-123.2082779993165 39.21160899887425
-123.2134859992442 39.22055499910311
nan nan
-123.2165119994315 39.22157799879868
-123.2170060000743 39.22282199922658
-123.2185219996427 39.22507999918562
nan nan
-123.2297579996557 39.24650299835412
-123.2312080000002 39.24808199832007
nan nan
-123.2311700003653 39.24713099941606
-123.2320359996554 39.24987999889574
nan nan
-123.213574000006 39.22084099885058
-123.2159839993519 39.22484599893246
-123.2163220003591 39.22508099918798
-123.219536999794 39.22992200030143
-123.2228459998386 39.23590999940385
-123.2237299995704 39.23710699937319
-123.2250909993281 39.23858200040036
-123.2262439995717 39.24023199936448
-123.2282810004453 39.24429799782366
-123.2313550003133 39.24988699922068
nan nan
-123.2318790001949 39.24994699899622
-123.2324010004267 39.25080499921386
nan nan
-123.231221000419 39.24992499908448
-123.2339710004218 39.25346399874498
nan nan
-123.2341229998595 39.25362199902701
-123.2365840001574 39.25678399786343
nan nan
-123.2379599999837 39.25839399932072
-123.2371940002527 39.25755399881842
nan nan
-123.243988000069 39.26765699918543
-123.2409729997523 39.26404899882933
nan nan
-123.2383449999482 39.25995499918937
-123.2393729996199 39.26118899902936
-123.2402920004101 39.2627429988257
-123.2420790001402 39.26709299915579
nan nan
-123.2457890000428 39.27513899877867
-123.2434240000044 39.2700619993747
nan nan
-123.2468130004149 39.27455799929098
-123.2478630007264 39.27546799906658
nan nan
-123.2465310003826 39.27135899896147
-123.2485850000764 39.27449299905344
-123.2511570007023 39.27778599874483
nan nan
-123.2511790004436 39.27782199889283
-123.2523480005808 39.27890899911048
-123.253656000635 39.28037100029694
nan nan
-123.2538060004229 39.28056399925719
-123.2560309998209 39.28386299921657
nan nan
-123.2578920000691 39.28661299877308
-123.2611430003874 39.29082499941259
nan nan
-123.2612649996878 39.29103199884778
-123.2620849998454 39.29199199916109
nan nan
-123.2652409997292 39.29765899938867
-123.2680049999757 39.29979499921778
nan nan
-123.2776709999937 39.30500599915555
-123.2781290006513 39.30595799918301
nan nan
-123.2783699997775 39.30634299919146
-123.2788560000243 39.30722599917014
nan nan
-123.2834029998029 39.31265699906236
-123.28435600003 39.31339799933077
nan nan
-123.2774940004416 39.30651199887655
-123.2779649997215 39.30770099904336
-123.2794590004469 39.30930599941249
-123.2821190000381 39.31264399928022
-123.2837129994243 39.31407699873359
-123.2858330001387 39.3156829989108
nan nan
-123.2762780004489 39.30486799887573
-123.2790810001552 39.3077069989392
-123.2844159994061 39.31420199873657
-123.2863460001497 39.31594299878633
-123.2886269996241 39.31758799929881
nan nan
-123.2899090006375 39.31885099884812
-123.2913130000529 39.32033899883354
nan nan
-123.284572999765 39.31354699882539
-123.2862790002025 39.31497399927762
-123.2890810000839 39.31781299938891
-123.2930579999502 39.32116299883457
nan nan
-123.2917610006649 39.32074399880977
-123.2944249995557 39.32372199914093
nan nan
-123.2975910003835 39.32423999936657
-123.298597000314 39.32499299886274
nan nan
-123.2954349996841 39.32501599879912
-123.2984890003589 39.32839899872914
nan nan
-123.2986950002233 39.32503699879484
-123.2986559998652 39.32769599899514
-123.2988479985875 39.33204099891803
nan nan
-123.3020290003822 39.33116199895203
-123.3021059985785 39.33218699941137
nan nan
-123.3026160000131 39.33122499894254
-123.3026360001046 39.33229499787637
nan nan
-123.3021120002229 39.33252899942116
-123.3024090003238 39.334226999286
-123.3031919997732 39.33698199874531
nan nan
-123.3046660004072 39.33575800041683
-123.306463000183 39.33776600027032
nan nan
-123.3055839995758 39.33467699938905
-123.3069490004298 39.33709699878463
-123.3073550003107 39.33839399831509
nan nan
-123.3032870002078 39.33739099877417
-123.3036310001644 39.33848199935179
nan nan
-123.306792000071 39.33808199886317
-123.3074229991844 39.33893999938977
nan nan
-123.3072210004164 39.33907899892762
-123.3076969997191 39.34105599907419
nan nan
-123.3075760002436 39.33913399922324
-123.3088620005566 39.34094299877321
-123.3157539993839 39.34912799904536
nan nan
-123.3210930006294 39.36312499876814
-123.3205989999867 39.35952799901641
-123.3199140004465 39.35657699925033
nan nan
-123.3159079993697 39.3493259989493
-123.3181489995595 39.35255100030005
-123.3195339996067 39.35525399916856
-123.320371000381 39.35740899888134
nan nan
-123.3149729995843 39.35266299893279
-123.3170160003057 39.35842599780537
nan nan
-123.3171130003901 39.3585350003657
-123.3184080000256 39.36029399832783
-123.3196399999119 39.36165399903878
-123.3202110014458 39.36207799903849
nan nan
-123.3219189997365 39.36098999913578
-123.3232789996694 39.36628299875522
nan nan
-123.3205610003519 39.35825599903563
-123.3214469997334 39.35998699881999
-123.3250870002141 39.36544999917288
-123.3267650001643 39.36834700035352
nan nan
-123.3303210000811 39.37484599895104
-123.329777000108 39.37403199937444
nan nan
-123.3293810002728 39.37483399887434
-123.3289290003612 39.37415499921872
nan nan
-123.3296670014014 39.37659299881188
-123.3317410002884 39.37919999906649
-123.3326250000201 39.38003699937438
-123.3343009994221 39.38118199787313
nan nan
-123.3368069999258 39.38378199880482
-123.3376420001521 39.38458299896265
nan nan
-123.3419999997849 39.39069699896087
-123.3425570001768 39.39158699939915
nan nan
-123.3704389997968 39.43030699906256
-123.3642049998471 39.42636399975222
-123.3628940003182 39.42513799835452
-123.3590110001632 39.42016100038899
-123.3580509993651 39.41855999937946
-123.3562939997723 39.41492799926947
nan nan
-123.3596699997641 39.41594699877405
-123.3591860000654 39.41502799906946
nan nan
-123.3588679991498 39.41400499899319
-123.3598089996812 39.41558799876892
-123.3606949999611 39.41791699930123
nan nan
-123.3760670007474 39.43609099941305
-123.3748650001 39.43495199889045
-123.3712290007156 39.43053899937048
-123.3705889995846 39.42956399879986
-123.3685349998909 39.42566199973466
-123.3677940002743 39.42460499922267
-123.3647639998889 39.42154999840471
-123.3639029997234 39.42045999905676
-123.3628230001731 39.41827699913033
nan nan
-123.3635919993787 39.42528099879892
-123.3620430001984 39.42139399895368
nan nan
-123.3568710002557 39.41999299927267
-123.3582539997547 39.42113799924032
-123.3589240001246 39.42187999777432
-123.3620759998103 39.42594999938745
nan nan
-123.362303999416 39.4261269991907
-123.3635309992794 39.42707699916389
-123.3682880000187 39.4302719988414
-123.3711710000909 39.43270300039699
-123.3733109999984 39.43469899907377
-123.3753809995857 39.43630199935005
-123.3761179999027 39.43665299937489
nan nan
-123.3761370001693 39.43678099929768
-123.3777990002258 39.44007999885365
-123.3797379993936 39.44333899936185
nan nan
-123.3799309997374 39.44357899931438
-123.381489000037 39.44598399932969
-123.3828100014084 39.44844699919394
nan nan
-123.3916460003245 39.47311899888564
-123.3909660008073 39.46982399939574
-123.3900770001543 39.46696899873107
-123.3887130000236 39.46494699932261
-123.3866669998274 39.46010599929781
-123.3853770002148 39.45788099879093
-123.3846280002023 39.45352199899168
-123.3841839997883 39.45169699936255
-123.3834599998901 39.44975899938336
nan nan
-123.3916850006826 39.47331099903034
-123.3920570002283 39.47440899932091
-123.3922949998797 39.47723399893518
nan nan
-123.393205000449 39.48047399919546
-123.3937719999883 39.48221399872838
nan nan
-123.3940870014293 39.4812409987891
-123.3943580006926 39.48223299900145
nan nan
-123.3994640014113 39.4998539988352
-123.3984819999737 39.49730599914432
-123.3974259998144 39.49386399890781
-123.3967579999928 39.49270999775673
-123.3961939999281 39.49125499903909
nan nan
-123.3994779998584 39.49991699906108
-123.4000740006084 39.50092099888253
-123.4010429998306 39.50214499921133
nan nan
-123.4011309996942 39.50227699873381
-123.4037159998406 39.50672499908487
-123.4042809997301 39.50919599923226
nan nan
-123.402269999694 39.50186299917109
-123.4032799998225 39.5033619988723
-123.4039689995605 39.50529099897481
-123.4048690000842 39.50654399914699
-123.4058010003948 39.50922199907183
nan nan
-123.4086719998732 39.51083099900034
-123.4097109994156 39.51308299892553
nan nan
-123.4075649996604 39.51176599896517
-123.4097780002611 39.51478499939325
nan nan
-123.4126290014446 39.51821799774218
-123.4144770003758 39.52017399895919
nan nan
-123.4104660001743 39.51622099899345
-123.4130499995975 39.51955199930049
-123.4147250000729 39.52114999915
nan nan
-123.4148659996398 39.52124999886355
-123.4163900014008 39.52275199927363
-123.417215000683 39.52393299888564
nan nan
-123.4184450000212 39.52377999914776
-123.4220349993749 39.52818299984117
nan nan
-123.4173040003715 39.5240839992068
-123.4199040005865 39.52795799884051
-123.420902999946 39.52892999915426
nan nan
-123.4241829996783 39.53215099936961
-123.4254139997397 39.53342499901919
nan nan
-123.4343199998744 39.5430590003149
-123.4351750001921 39.54422699920622
nan nan
-123.4301530000373 39.54284299904459
-123.4309120000956 39.54507199785544
-123.4311999999757 39.54559199921008
-123.4319489999882 39.54642299911092
nan nan
-123.4627320001221 39.58809899877477
-123.4625550005702 39.58925599918933
nan nan
-123.4587950004388 39.58243499931732
-123.4593209999703 39.58980799880318
nan nan
-123.4620230002926 39.58715099899027
-123.4621470001411 39.59035099879013
nan nan
-123.4632439994099 39.59488099894958
-123.4635809996938 39.59589999904782
nan nan
-123.4637330000298 39.59634199878015
-123.4657019993347 39.60209699882079
-123.4659209996178 39.60342799890797
nan nan
-123.4659859999152 39.60380600028402
-123.4661250007307 39.6049149990826
nan nan
-123.4655690001636 39.60854699926897
-123.4653619995761 39.60968399930297
nan nan
-123.4661340000532 39.60514899920677
-123.4668529999285 39.60818699922116
-123.4670379998764 39.60989599779604
nan nan
-123.4665419995839 39.61249199880278
-123.4669669997313 39.61133700036097
-123.4670089995641 39.61010799979241
nan nan
-123.4653130000706 39.60989399980462
-123.4651420003664 39.61085999875256
-123.4655049996912 39.61218099787059
nan nan
-123.4655330001786 39.61234899918406
-123.4665509998047 39.61641499908056
-123.468050000553 39.61874600041285
-123.4689910001862 39.62110799885061
nan nan
-123.4691150000347 39.62130599879226
-123.4694360004251 39.62202299938721
-123.4706030000141 39.62377700040597
nan nan
-123.4712869997292 39.62488099919275
-123.4706919997025 39.62390899902947
nan nan
-123.4713550003996 39.62487699784763
-123.4723860004445 39.62714699926173
-123.4733839999791 39.62840899887274
nan nan
-123.4759579993565 39.63217499888461
-123.4766989998714 39.63277799896488
-123.4773970007287 39.63356299882843
-123.4784589998373 39.63520299914077
nan nan
-123.478902999353 39.63623099904594
-123.4785390002033 39.63532799905686
nan nan
-123.4767949992326 39.63374699930833
-123.4776500004487 39.6351209993222
-123.4783299999659 39.63669799882839
nan nan
-123.4783409998365 39.63680700034139
-123.4786839999682 39.63758899778153
-123.4787919999233 39.63863299901547
nan nan
-123.4735129998505 39.62854099903846
-123.4746209998882 39.63010399787859
-123.475319999672 39.63139399876796
-123.4790060001835 39.63970199878573
-123.4812770014089 39.64340299782821
nan nan
-123.4874839997977 39.66375799886554
-123.4874639997062 39.66084599881029
-123.4863769995849 39.65455599876083
-123.4848140001608 39.64968199913056
-123.4843470001806 39.64862300035595
-123.4813510001304 39.64347599880861
nan nan
-123.4869259995809 39.65254899780489
-123.4871369985698 39.65383299935929
-123.4869769996345 39.65496699931099
nan nan
-122.7297489994046 38.60483799879535
-122.7340960000651 38.60839499882172
nan nan
-122.7383879995757 38.6065979978649
-122.7393709999399 38.60780699784301
-122.7400980002111 38.60907399892921
nan nan
-122.7401939995723 38.61287100033722
-122.7419520007867 38.61433899939778
nan nan
-122.7475599998491 38.61822399894341
-122.7479110003767 38.61907299974587
nan nan
-122.7519890014237 38.62780699901352
-122.7534160004053 38.62894799882385
nan nan
-122.7706200002292 38.64572099785656
-122.7683740000165 38.64415899908952
nan nan
-122.7664640002627 38.64831199899215
-122.7668080002193 38.64869999777215
nan nan
-122.7901840000685 38.66550199917489
-122.7823900001696 38.65945099889413
-122.779517999968 38.65758899933996
-122.7778469996905 38.65629499881099
nan nan
-122.7965599994101 38.67489699889374
-122.7969430006231 38.67539799879444
-122.7984929996284 38.67658999908965
nan nan
-122.7981750014077 38.67396099897353
-122.8035259996538 38.67881699940828
nan nan
-122.8032869992793 38.68075999878009
-122.8047530004156 38.68228099837553
-122.8078180000627 38.68492299925022
nan nan
-122.8085579998544 38.68553399937263
-122.8083469999672 38.68534999908832
nan nan
-122.8071089993349 38.68951300038146
-122.8070280000423 38.68930699897282
nan nan
-122.8146389996432 38.695130999197
-122.8128479997152 38.69380999784561
nan nan
-122.832440000042 38.70952199917949
-122.8305319999381 38.70793199942521
nan nan
-122.8546090001193 38.72949799889177
-122.8527819993079 38.72815499883767
-122.8519089994468 38.72752400030431
nan nan
-122.8603529996241 38.73362899842843
-122.8571780003721 38.73151499926226
-122.8550059997793 38.72982399973794
nan nan
-122.8943530006395 38.75604699885737
-122.8947720000408 38.75640999904419
nan nan
-122.8973229998521 38.75904999918399
-122.8980220014325 38.7599069992927
nan nan
-122.904720999916 38.76539399910632
-122.9007159995623 38.76222999922786
-122.8988560000372 38.76061099927334
nan nan
-122.9061969993014 38.76671899923512
-122.9052780003079 38.76584200040725
nan nan
-122.9122720001407 38.77344599919957
-122.9115429993213 38.77239499911857
nan nan
-122.9254980002734 38.78414299887238
-122.9238050002546 38.78260499907263
-122.9218730007596 38.78050799916979
nan nan
-122.9376640000489 38.79803099899566
-122.9368239997997 38.79695999893644
nan nan
-122.9457180002389 38.80571399913143
-122.9435959998747 38.80348999921837
nan nan
-122.9442400003053 38.80641499889748
-122.9418119996194 38.8039569993571
nan nan
-122.9469219996378 38.80727799890943
-122.9459709999589 38.80616399915179
nan nan
-122.9456640007105 38.80786899928917
-122.9446040003534 38.80686499939038
nan nan
-122.9970879998611 38.86447199891454
-122.9813150001152 38.84660899892774
-122.9490249997353 38.80946099929454
nan nan
-122.7468800003319 38.62220599923843
-122.7444199998589 38.6176319991987
nan nan
-122.7496880000611 38.62492599929218
-122.7501950002243 38.6255249989602
nan nan
-122.7503380003394 38.62567199896701
-122.7509860000696 38.62624599938299
nan nan
-122.8766589985742 38.74790299942044
-122.8769539999236 38.74912599890249
nan nan
-122.877003999254 38.74939099895526
-122.877091000191 38.74987399888997
nan nan
-122.7533140002981 38.62953299911327
-122.7542330001899 38.63140499785807
-122.7544499999249 38.63342299924537
nan nan
-122.8078620004437 38.68578499931007
-122.8113680001318 38.68864799929168
nan nan
-122.8215229998712 38.69925399912224
-122.8226310008072 38.70017899933089
nan nan
-122.8886069996882 38.75085399903146
-122.8874940014242 38.74991499841916
nan nan
-122.8864259997728 38.75248799929239
-122.8838719995885 38.75061100040229
nan nan
-122.8986179985892 38.76046399890884
-122.8981990000862 38.76001400038509
nan nan
-122.9034109993135 38.76354699874456
-122.9007199997602 38.76173599941313
nan nan
-122.9091100004092 38.76864899887536
-122.9081370000907 38.76783799934568
nan nan
-122.9133470005665 38.77347999918015
-122.9123999992889 38.77260499895001
nan nan
-122.9188800001842 38.77836699775938
-122.9177639997505 38.77718999885131
-122.9173450003492 38.77665499942011
nan nan
-122.9265510000595 38.78661599787181
-122.9227619996159 38.78310999897605
nan nan
-122.9292569996815 38.78994699975217
-122.9285230006358 38.78903799895143
-122.9261089992953 38.78695499937011
nan nan
-122.9319029999272 38.79238099913994
-122.9305700006569 38.79144399926579
nan nan
-122.9434830007951 38.80331899891016
-122.9421670003449 38.80166999880346
nan nan
-122.997909000742 38.86504899924487
-123.0151069998198 38.87781399921905
nan nan
-122.7295670007281 38.6047339988653
-122.7259299997221 38.60177799931191
-122.7218260014308 38.59810399923332
-122.7156269998446 38.59243799784834
-122.7131919985878 38.59005199940224
-122.7110649999974 38.58863099920087
-122.7070980001768 38.58664199882256
-122.7051470004152 38.58529099905977
nan nan
-122.7066949997707 38.58586400035216
-122.7072439997667 38.58655499906924
nan nan
-122.7040660001416 38.5855439990005
-122.7066179997778 38.58664899887885
nan nan
-122.7400819994193 38.61276599916958
-122.7343000002796 38.60854499835014
nan nan
-122.7475039997726 38.61809499939282
-122.7446809999748 38.61388699925195
-122.7435139985892 38.61243399891194
-122.7422170002022 38.61106000031342
-122.7402170000368 38.60920299925915
nan nan
-122.7421270006889 38.61447799879859
-122.7427369998859 38.61498899879525
-122.7437150002273 38.61614899927241
nan nan
-122.743140000292 38.61579299925979
-122.7437219999 38.61646099880864
-122.7442989985868 38.61744399918235
nan nan
-122.7456700001869 38.61756999936727
-122.7463079998713 38.61839499898567
nan nan
-122.7466549993026 38.61888499929525
-122.7486020006629 38.62200899892991
nan nan
-122.7480009998901 38.61923499776773
-122.7487170002907 38.62074299902213
-122.7491449999129 38.62202799904379
nan nan
-122.7484879999618 38.62242999920255
-122.7489850000793 38.62338999904473
nan nan
-122.7496860004112 38.6248869998163
-122.7494830000216 38.62459699941359
nan nan
-122.7510709995601 38.62685999929234
-122.7507080002352 38.62654299910757
nan nan
-122.7486779999326 38.62576899897357
-122.7497989985925 38.62658499784219
nan nan
-122.7510499996437 38.62700999880944
-122.7514460003771 38.62737699905111
nan nan
-122.7510539998416 38.62742099878378
-122.7515539994338 38.62764399926271
nan nan
-122.757445999975 38.63839999933219
-122.7569439998347 38.63635100029556
-122.7546099997585 38.63031799933122
nan nan
-122.7536009985566 38.62909099875838
-122.7550970007285 38.63020399911969
-122.7559449995769 38.63102899936699
-122.7564509999152 38.63185899914151
-122.7574710000894 38.63412999887009
-122.75874699856 38.63784299902745
-122.7601170003352 38.64066399982973
nan nan
-122.7655860003788 38.6423039994147
-122.7659360001832 38.64322699939454
nan nan
-122.7665849997383 38.64262599922002
-122.7683320001837 38.64413599929262
nan nan
-122.7777960014335 38.65166999927404
-122.7726719993748 38.64802399884287
nan nan
-122.7628360003759 38.6424859991164
-122.7643190003324 38.64512899920892
-122.7663570001326 38.64815799873473
nan nan
-122.7754579993627 38.6511299989748
-122.7789949999112 38.6535319990593
nan nan
-122.7669169999993 38.64904900040196
-122.768534999675 38.65042899909651
-122.7776090000391 38.65613199930376
nan nan
-122.7942060001407 38.66984799894288
-122.798039000067 38.67383400032818
nan nan
-122.7987520000945 38.67674899880166
-122.7996999994003 38.67758599877931
-122.8025459996626 38.68069099885906
nan nan
-122.8017799999317 38.68341299928557
-122.8044069999109 38.68607999924515
-122.8065400001457 38.68917599928657
nan nan
-122.8066129999406 38.68870299942915
-122.8069600002703 38.68919399924162
nan nan
-122.8071040002103 38.69028399883027
-122.8099889999324 38.69158499894162
-122.8127020001253 38.69371899910691
nan nan
-122.829827999233 38.70729999934834
-122.8305789997937 38.70867199935393
nan nan
-122.832583999982 38.70964399889906
-122.834350000694 38.71111899914427
-122.837528000319 38.71553599781691
-122.838698000281 38.71650699775761
nan nan
-122.8390430000625 38.71681299930181
-122.8408199997469 38.71856799881008
nan nan
-122.8395130004158 38.718906998418
-122.8409870001515 38.71993799882868
-122.8438579996298 38.72249399782677
nan nan
-122.846973000404 38.72399299940977
-122.8485390002012 38.72558499878083
nan nan
-122.8443089997166 38.72292199775188
-122.8474260001405 38.72500299904146
-122.8499459999896 38.72691099927451
nan nan
-122.8409529998163 38.71871199942297
-122.8446989997039 38.72217599883922
-122.8472119998803 38.72391199939202
-122.8486959996617 38.72516899892775
-122.8517879999713 38.72739099904715
nan nan
-122.8605239993284 38.73376099932621
-122.8664560000525 38.73783199933824
-122.8699420014458 38.74002299920626
nan nan
-122.870445001411 38.74034799909861
-122.8715019995985 38.74095700030638
nan nan
-122.8664549993293 38.74027499904246
-122.8711490003194 38.74211099873476
nan nan
-122.8718340007578 38.74235299913138
-122.8730490000274 38.74293999890396
nan nan
-122.8617610001358 38.73848099877473
-122.8666850003814 38.74136299939406
-122.8691680004206 38.74323599899665
nan nan
-122.8739089985714 38.7445979990958
-122.8760990014025 38.74563099899622
nan nan
-122.8770100000002 38.7443869990022
-122.878846000134 38.74519599780968
-122.879752999432 38.7462409990712
nan nan
-122.8780989997713 38.74650099902365
-122.879026999884 38.74695999873322
nan nan
-122.8761680001012 38.74514399918652
-122.8778190002871 38.74581500040622
-122.8800689997995 38.74718099873456
nan nan
-122.8873979993681 38.74990499899754
-122.8850499999464 38.74785699923162
nan nan
-122.8796579998957 38.74419399910771
-122.8808310002308 38.74507399922858
-122.8846020002328 38.74850899929334
nan nan
-122.8859969994274 38.74990599872959
-122.8847210000585 38.7486729990035
nan nan
-122.879580000078 38.74736799895592
-122.8810320000723 38.7486729990035
nan nan
-122.8827860001904 38.74989399774053
-122.8811379985808 38.7487549994179
nan nan
-122.7507159997329 38.6275980002907
-122.75210099978 38.63062099831064
-122.7524430000868 38.63218000028471
nan nan
-122.7706489996432 38.64574299876211
-122.7782929997543 38.65045899912368
nan nan
-122.7903140006632 38.66558099900904
-122.791294999581 38.66626299899641
-122.7922179996708 38.66716999942422
-122.7940320000634 38.66966599931526
nan nan
-122.8105980002028 38.68516399915839
-122.8111520002217 38.68568299885223
-122.8121039997255 38.68714599937631
-122.8127959998366 38.68783899896356
-122.8153240000816 38.6895669992775
-122.8205930001087 38.69238100041247
-122.8239070001761 38.69328799873894
nan nan
-122.8146389996432 38.695130999197
-122.8161059997061 38.69634399782815
-122.8180959998258 38.69748699941164
-122.8210650001118 38.69943299931325
-122.8234450002188 38.70130799905538
-122.8247989994055 38.70205299874217
-122.8271280003572 38.70473499910742
nan nan
-122.827202999802 38.70476899886733
-122.8296930004121 38.7069709977938
nan nan
-122.8382759996084 38.71446699884305
-122.8392459995538 38.71528199929114
-122.8405890006665 38.71714900035413
-122.8417210000954 38.71847099900267
nan nan
-122.8941069996939 38.75589699925425
-122.8902699995697 38.75332999887042
-122.8882169997008 38.75156399899374
-122.8859729991379 38.74990299883281
nan nan
-122.8878669998965 38.76458199877188
-122.8849600004331 38.76237399938367
-122.8821550001786 38.7596199988372
-122.8813819998767 38.75861399889556
-122.8791699999991 38.75548499942286
-122.8766300000585 38.74990999975937
nan nan
-122.8837040002573 38.75050799881939
-122.8828710005792 38.74991099879077
nan nan
-122.8973069999585 38.75899399892328
-122.894910999958 38.75655499937473
nan nan
-122.9115429993213 38.77233499905318
-122.9111799999965 38.77188499905515
-122.9103170001812 38.77113699932344
-122.9092589985755 38.77013199941128
-122.9080359998083 38.7691499988963
-122.9071450004039 38.76831699912364
-122.906363999706 38.76748199975824
-122.9059729998937 38.76701099941966
-122.9053829998899 38.76611099875798
-122.904908000412 38.76548899920758
nan nan
-122.9121010004365 38.77243999878431
-122.9093489998855 38.76954499910951
-122.9063059999797 38.76679600035207
nan nan
-122.9158129999889 38.77524699887212
-122.9153649993769 38.7746249991364
-122.9149179985899 38.77404699883672
-122.9140510003732 38.77299799942474
-122.913243999736 38.77229299897737
-122.9119409997046 38.77150599917042
-122.91094300017 38.77097499897557
nan nan
-122.9162049996261 38.77748400038786
-122.9140110001902 38.77537899916315
-122.9123019993796 38.77350599903084
nan nan
-122.9183390005841 38.77716199884183
-122.9172289999982 38.77637299940859
-122.9158670004156 38.77530699928933
-122.9148380000205 38.77447499936569
-122.913836000288 38.77355599920179
nan nan
-122.9191000002922 38.77851299902278
-122.9190129993552 38.77821199937676
-122.9188159997118 38.77784699936962
-122.9185089995651 38.77746199937157
nan nan
-122.9259739995761 38.78694400032379
-122.9255309998853 38.78683999875335
-122.9246469992553 38.78647999839367
-122.9240619992743 38.78596799906141
-122.9230000001656 38.78470499876327
-122.9217960007667 38.78314099935143
-122.9205119992052 38.78168499933955
-122.9194240001573 38.78055199931628
-122.9183650014217 38.7795909997427
-122.9170830004084 38.77826399912018
-122.9164399998027 38.77755799885436
nan nan
-122.9217120002028 38.78034399908505
-122.9190109997054 38.77788599885518
nan nan
-122.9224180005576 38.78263400042017
-122.9213599998503 38.78109300029858
-122.9191459994246 38.77860799916149
nan nan
-122.9300489993517 38.78908399920259
-122.9279429997794 38.78764899878946
-122.9241570006071 38.78544599880986
-122.923389000328 38.78454999875107
-122.9224540014409 38.78278599908037
nan nan
-122.926274999875 38.78503899914412
-122.9255479996038 38.78416199937095
nan nan
-122.930153999832 38.79123699775283
-122.9300420005773 38.79108699931493
-122.929788999959 38.79070199938244
-122.9293680000095 38.79005799937941
nan nan
-122.9366236126093 38.79670529933686
-122.9363350000782 38.79654799889969
-122.9346689998236 38.79539999939991
-122.9339330002299 38.79449399894341
-122.9328979999871 38.79285999932967
nan nan
-122.9366236126093 38.79670529933686
-122.9357929997549 38.79561099919285
nan nan
-122.9368010002335 38.79693899880185
-122.9366236126093 38.79670529933686
nan nan
-122.9378010003162 38.79734699890876
-122.9366236126093 38.79670529933686
nan nan
-122.9417050003876 38.80381199877069
-122.94092000039 38.80307399898156
-122.9405270000296 38.80251099929667
-122.9388619996 38.79955499874557
-122.9377200001254 38.79802599880598
nan nan
-122.9267450002283 38.7854809993058
-122.9325540000305 38.79121799773942
-122.9362699997809 38.79539199894086
-122.9414409998986 38.80069299922024
nan nan
-122.6454150006314 38.49774699929652
-122.6472149998819 38.49839599879
nan nan
-122.661559999923 38.52520899898094
-122.662185000087 38.52685099913036
-122.6644439998202 38.52897599939077
-122.6651839996119 38.53036999917344
-122.6653569998642 38.53145199928824
-122.6662670004335 38.53288299786668
nan nan
-122.6808269996614 38.54129399874554
-122.6813800007537 38.54183599932026
nan nan
-122.6825890001755 38.54265299881994
-122.6829890002086 38.54284199919267
-122.6839390000626 38.54370599908817
-122.6872389998863 38.54579699892316
nan nan
-122.6697100003725 38.54605499909215
-122.6697930002131 38.54722299932163
nan nan
-122.6956029996977 38.55232199888286
-122.6960469992134 38.55324199780092
nan nan
-122.6807999998973 38.55868199783197
-122.6799599996481 38.55828500035283
-122.6773200001485 38.55593099779318
-122.6758870004207 38.55438199915653
nan nan
-122.6961479985975 38.55338199926152
-122.6967689985635 38.55423999892569
-122.6972720003253 38.55547599904986
-122.6980869995618 38.55685099899787
-122.6997410001208 38.5590409988913
-122.7011460002595 38.56165899916841
-122.7014140000481 38.56199599880813
-122.7022910001072 38.56256099784773
nan nan
-122.6845219985971 38.56749099915957
-122.6854029997524 38.56824199907749
nan nan
-122.7185400000541 38.58797299785527
-122.7194510004484 38.58925599876874
nan nan
-122.7285240000894 38.59858299775539
-122.7279059995981 38.59789399915918
nan nan
-122.7344199999302 38.60137899906144
-122.7342960000816 38.60050700042081
nan nan
-122.7350660000106 38.60278900034503
-122.7345019999459 38.60209999930064
nan nan
-122.7389249998761 38.60811699934393
-122.737715999556 38.60603899903484
nan nan
-122.7395359997964 38.60802999894018
-122.7395280002987 38.60736299912571
nan nan
-122.6689720002306 38.52641099905418
-122.6691660003993 38.52739700041953
-122.6704130003542 38.52954899930676
-122.6706069996247 38.53020099887095
nan nan
-122.6701120000554 38.54204599888843
-122.6703220001176 38.54387199917893
nan nan
-122.671315001426 38.54847499924065
-122.6716209999511 38.54963399780729
nan nan
-122.7006800001041 38.57856499880721
-122.6987219997715 38.57687399875402
-122.6977620007701 38.57624199920475
-122.6966399995904 38.57499599873186
-122.6960360002411 38.57413799892581
-122.6951620005551 38.57193199935783
-122.6944029995985 38.5709189989744
-122.6935699999204 38.57019999910941
-122.6903849997243 38.56689999901666
-122.6895729999626 38.56628799843069
-122.6888880004225 38.5652499997329
-122.6879690014289 38.56477699926818
-122.6869500001813 38.56461299940481
-122.6858570002122 38.56367399840329
-122.6850660003669 38.56327299876575
-122.6841010004443 38.56188099936715
-122.6818409999878 38.5595639993801
-122.6807999998973 38.55868199783197
nan nan
-122.6835440000524 38.56646599922127
-122.6825700008072 38.56578699925636
-122.6821840001195 38.56475399930131
-122.6805230007861 38.56266299938287
-122.6796149998666 38.56119199911912
-122.6783989998738 38.55871899897692
nan nan
-122.7060000001848 38.58609699926738
-122.7038130004216 38.58488799942561
-122.6967739985864 38.58206299776324
nan nan
-122.7226900001728 38.5927929987696
-122.7212480002242 38.59202899930803
-122.7201500002322 38.59124299937085
-122.7168010000046 38.58856399877832
nan nan
-122.7194510004484 38.58925599876874
-122.7203220006596 38.59045999881826
-122.7226479994417 38.59273899922723
nan nan
-122.7395070003824 38.60567199911517
-122.7381750000386 38.60400399931291
-122.7367610005774 38.60261599883405
nan nan
-122.737715999556 38.60603899903484
-122.7350660000106 38.60278900034503
nan nan
-122.7433749995704 38.61405699887686
-122.7416730002291 38.61334799879329
-122.7411230004082 38.61288499884346
-122.7409309998893 38.6124869988299
nan nan
-122.7010890003581 38.58102999937321
-122.6997069997856 38.57948899892337
-122.6990909998425 38.57835399914286
nan nan
-122.708695999761 38.58412899842231
-122.7068110001216 38.58248099939558
-122.7030359999217 38.58021499920306
nan nan
-122.642714000134 38.49670799934238
-122.6453059999531 38.49768199940322
nan nan
-122.6493829993785 38.49990299903626
-122.648892999832 38.49934199874371
-122.6472539993417 38.49843299931076
nan nan
-122.6494479996758 38.4999579991468
-122.6497899999826 38.50113699912526
-122.650280999354 38.50207299934052
-122.6506329997065 38.50478799915307
-122.6513159995968 38.5070159990784
-122.6514669992095 38.50795799779483
-122.6518910004303 38.50907999897328
-122.6534700006463 38.51233199911429
-122.6558870005632 38.51659599901732
nan nan
-122.6570750000686 38.51855999941817
-122.6582900002364 38.52095099903042
-122.659579999849 38.52303199877607
-122.660429000319 38.5238329990321
nan nan
-122.6680160014271 38.52517400039107
-122.6689720002306 38.52641099905418
nan nan
-122.6688750001462 38.53847400038154
-122.667642000435 38.53517699942752
-122.6660590000211 38.53322099882688
nan nan
-122.6689550014104 38.54055999922153
-122.6688750001462 38.53847400038154
nan nan
-122.6696269996335 38.54081500038105
-122.6688750001462 38.53847400038154
nan nan
-122.6691849997676 38.5433680003179
-122.6689550014104 38.54055999922153
nan nan
-122.6712729997965 38.54825899893189
-122.6706629997012 38.54726099909229
-122.6705070000656 38.54694999925136
-122.6702200000104 38.54640399881181
-122.6692430003922 38.54142199875703
-122.6689550014104 38.54055999922153
nan nan
-122.665074000007 38.53413899911391
-122.6666570004209 38.5360939987381
-122.6677210000777 38.53870199903813
-122.6679949997141 38.53990099898708
-122.6679489996833 38.54080199890824
nan nan
-122.6700119995979 38.54186599909535
-122.6696559999458 38.540886998875
nan nan
-122.6706069996247 38.53020099887095
-122.6715680002476 38.53215899928563
-122.6722899995977 38.53326999839566
-122.6753769998844 38.53600699890923
-122.678401000422 38.53921199887174
-122.6808110006662 38.54128299914014
nan nan
-122.681394999924 38.54184799937235
-122.6825890001755 38.54265299881994
nan nan
-122.6697100003725 38.54605499909215
-122.6695439997928 38.54515399893445
-122.6692940004458 38.54451299910299
-122.6691849997676 38.5433680003179
nan nan
-122.6691849997676 38.5433680003179
-122.6690589993709 38.54422899942609
-122.6692139991816 38.54498199887738
-122.6695420001429 38.54520799912074
nan nan
-122.6872389998863 38.54579699892316
-122.6890750000202 38.54666699842158
-122.6916690003874 38.54829599911861
-122.6928889996799 38.54934499935904
-122.6953580003737 38.55214099913164
nan nan
-122.6697930002131 38.54722299932163
-122.6698829997265 38.5484259987884
-122.6705570002943 38.54972999899905
-122.6714469998738 38.55101699890987
-122.6727669996236 38.55217899911329
nan nan
-122.6762710005602 38.55615799907999
-122.6745979997347 38.55465299910549
-122.6735590001922 38.55390099942723
-122.6727669996236 38.55217899911329
nan nan
-122.6727669996236 38.55217899911329
-122.6748879992646 38.55378400035451
nan nan
-122.6783799996073 38.5587089988212
-122.6779980000159 38.55827499873185
-122.6769739996437 38.5568439988476
-122.6762529992203 38.55614799786554
nan nan
-122.684096999348 38.56703899898115
-122.6845219985971 38.56749099915957
nan nan
-122.6904480003718 38.5868199997409
-122.6900140000035 38.58639999896504
-122.6895280006551 38.58550599910512
-122.6893219998924 38.58465799779827
-122.6894280001976 38.58252299934779
-122.6893199993443 38.58166599883725
-122.6895260001069 38.58032899880089
-122.6891849996251 38.5791019978361
-122.6883790006094 38.57793799883101
-122.6881810002427 38.57724799940648
-122.6884269993917 38.57673499885453
-122.6884269993917 38.57568499936155
-122.6887069997742 38.57485199905277
-122.6886409996519 38.57366599876419
-122.6880559996709 38.57282699902462
-122.6879560001118 38.5724249990885
-122.6864189997287 38.57087099779409
-122.6861469997421 38.57014999787636
-122.6860059992768 38.56872099874963
-122.6854029997524 38.56824199907749
nan nan
-122.6975660000532 38.58168699905477
-122.6951509997861 38.58031499886004
-122.6917979993606 38.57891099935815
nan nan
-122.7022910001072 38.56256099784773
-122.702885000309 38.56289899911561
-122.7043969996794 38.56411199908886
-122.706731000654 38.5664189987673
-122.7071159997202 38.56774799786572
-122.7075989995939 38.56832599875234
-122.7077879997398 38.56895799840807
-122.7083860001396 38.56992799934191
-122.708547999623 38.57131999878807
-122.7088499997468 38.5723649990414
-122.7104770014399 38.57600699910539
-122.7114569996345 38.57751899881466
-122.7120019994325 38.57872899842776
-122.7146469998534 38.58255999875033
-122.7155520003999 38.58420099918106
-122.7164829999873 38.5853569998019
-122.7170160000898 38.58580999910937
-122.7185400000541 38.58797299785527
nan nan
-122.7279059995981 38.59789399915918
-122.7251879993823 38.59521399912516
-122.7241170000527 38.59390099884988
-122.7226900001728 38.5927929987696
nan nan
-122.7352539078051 38.60601798487995
-122.7346550001068 38.60544899911377
-122.7343730000745 38.60470100038829
-122.7338509998427 38.60427599779845
-122.7324230001378 38.60238099939232
-122.7303769999417 38.60020799875686
-122.7285240000894 38.59858299775539
nan nan
-122.7342960000816 38.60050700042081
-122.734035000864 38.60002199885901
-122.7324019993231 38.59941999904795
-122.7310420002886 38.59865700035071
nan nan
-122.7302270001538 38.60261399876136
-122.728050999363 38.60038699875447
nan nan
-122.7293900002777 38.60175299916078
-122.7291629995987 38.60126399877806
-122.7280650014033 38.60039199874015
nan nan
-122.7345019999459 38.60209999930064
-122.7344199999302 38.60137899906144
nan nan
-122.7316609997065 38.60248399883307
-122.7307209998983 38.60209699881905
-122.7296160002336 38.60190399893013
nan nan
-122.7347990000469 38.60599299884174
-122.733363999771 38.60464799893084
-122.7313390003895 38.60258699882804
-122.7307009998068 38.60236599774389
-122.7300489998786 38.60233399927121
nan nan
-122.7384839998351 38.60424599880067
-122.7378660002421 38.60299699937367
nan nan
-122.7335080006093 38.60475999973946
-122.7326909999264 38.60349599942195
nan nan
-122.7345239996873 38.60528799979315
-122.7337620001543 38.6046799991797
nan nan
-122.7395280002987 38.60736299912571
-122.7396239996599 38.60552699882472
nan nan
-122.7352539078051 38.60601798487995
-122.735230999867 38.60590099906906
nan nan
-122.736076000139 38.60679899899435
-122.7352539078051 38.60601798487995
nan nan
-122.7408760014343 38.61234699882927
-122.7398320000724 38.61053899904382
-122.7392689998327 38.60997899904356
-122.7377170002792 38.60915099931732
-122.7366460000514 38.60793499873376
-122.7354650002187 38.60709599922403
-122.7352539078051 38.60601798487995
nan nan
-122.7427069997487 38.6098159987838
-122.7416230000004 38.60900899923011
-122.7396449995763 38.60612399906984
nan nan
-122.7396399995534 38.61031299928898
-122.7389249998761 38.60811699934393
nan nan
-122.7420840001328 38.61234599927955
-122.7420149996376 38.61091399940823
nan nan
-122.7426199997101 38.61290599905442
-122.7426189998851 38.61153799914064
nan nan
-122.7438139999615 38.6140029991883
-122.7424690000973 38.61280899919836
-122.740792999797 38.6117769991148
nan nan
-123.1986389999611 39.19509199921009
-123.1969979998209 39.19176599784241
nan nan
-123.2013639998496 39.19992299907331
-123.2026069996065 39.2010939988934
nan nan
-123.3429789999512 39.39257499887665
-123.343461 39.39410599887339
-123.3441499997381 39.39530499787919
-123.3457000014384 39.39744599837999
nan nan
-123.1540179999493 39.10848299938338
-123.156701000005 39.11307099928293
-123.1575839999118 39.11512499941679
nan nan
-123.1612879999666 39.12490399907834
-123.1606789996962 39.12353900032844
-123.158636999698 39.11735499895227
-123.157614000049 39.11524199936456
nan nan
-123.1613020002103 39.12489299939682
-123.1616489996416 39.12578199935066
-123.1626479998994 39.12743299936317
-123.1631020003592 39.12877199775683
nan nan
-123.1631670006565 39.12903299886681
-123.1641250000081 39.13212200030966
-123.1654139997958 39.13520799898686
nan nan
-123.1654869995908 39.13533899882822
-123.1676909999707 39.13930299898524
-123.1690890004367 39.14122099910003
-123.1699150004421 39.14211399903032
-123.1710750003584 39.1446119992153
-123.172700000605 39.14646499918127
-123.177229999767 39.15343299910071
-123.1785589997376 39.1558949987961
-123.1788709999072 39.15697899915436
-123.180739999653 39.16044199890365
nan nan
-123.1892719996939 39.18110800028871
-123.1907479999777 39.18247499882689
-123.192128000002 39.18403599926325
nan nan
-123.1923640000035 39.18433899888345
-123.193478999714 39.18585599940297
-123.19509300009 39.18865899876349
nan nan
-123.1951490001665 39.18883999885276
-123.1956039995529 39.1897949987715
-123.1969129994321 39.19167599873012
nan nan
-123.1986680002734 39.19522799901029
-123.2013339997123 39.1998139993514
nan nan
-123.2027849998817 39.20125799873726
-123.2042229996323 39.20322699933456
-123.2055189999911 39.20657799940611
nan nan
-123.3204309997572 39.36228999876772
-123.3227519994146 39.36552199886125
nan nan
-123.3228590004431 39.36570599911659
-123.3251419995674 39.36911499884508
-123.3277079994473 39.372328999342
-123.3288399997744 39.37394699785361
nan nan
-123.3294669995882 39.37487399889049
-123.3302959999667 39.37636899894223
nan nan
-123.3306889994288 39.37651999880931
-123.3340039993212 39.38052399884634
-123.334897999997 39.38203999894478
-123.3374340006379 39.38537999906908
nan nan
-123.3380949998886 39.38617100038262
-123.338524000234 39.38719199889437
nan nan
-123.3385830006835 39.38737999874489
-123.3396609996857 39.38895699901879
-123.3404749999956 39.38986099778545
nan nan
-123.3394679993419 39.38786199885447
-123.3418869998069 39.39058199897313
nan nan
-123.3425970003598 39.39170199911902
-123.3435000003581 39.3929879992056
-123.3459080000542 39.39727599880899
nan nan
-123.3460799995833 39.39781499774235
-123.3484439997968 39.40062299839738
nan nan
-123.3485600001477 39.4008079987319
-123.3503119997177 39.40369599932122
nan nan
-123.3501259999449 39.403919998942
-123.3542340002307 39.40918100040688
-123.3580830000505 39.41353299924724
nan nan
-123.3582639998005 39.41356399919628
-123.3586680000315 39.41380799934364
-123.3594060001734 39.4144049991583
-123.3602910006284 39.41529199882398
-123.362054000069 39.41775699924305
nan nan
