-123.8711870000146 40.80050299880385
-123.8483609999863 40.78585099923038
NaN NaN
-123.8505889997573 40.78118499891416
-123.8621939998413 40.79041999910492
-123.8702830001914 40.79635499892979
NaN NaN
-123.9768960004435 40.83537299881822
-123.9760809994103 40.83373099885174
-123.9748800003845 40.83237999938859
-123.9740200000439 40.83097399873554
-123.9733859996591 40.8302460004038
-123.9725010001024 40.82967899930341
-123.9705219998534 40.82906599927671
-123.9701369998889 40.82874500029083
-123.9694269993362 40.82727099881666
-123.9684070000603 40.82404799897861
-123.968196999998 40.82366699894219
-123.9677869999192 40.82334699893158
-123.9671430003869 40.82241099780423
-123.9667569996992 40.82208099876304
-123.9629660014024 40.82065999933979
-123.9601650004476 40.81998299904403
-123.9580399997104 40.81971700031459
-123.9551290000491 40.81984499907986
-123.9547089999245 40.81974999936129
-123.9540300002322 40.81926699925329
-123.9534970001297 40.81861699912903
-123.9528820000114 40.81735599933805
-123.9521899999003 40.81642199877319
-123.9503859995535 40.81508199906213
-123.9477889997115 40.81378599922229
-123.945396000084 40.81275199926478
-123.9432690005953 40.81223399889674
-123.9421039997578 40.8117479987385
-123.9410740004362 40.8109139990936
-123.9392769997621 40.80886199903745
-123.9386380002528 40.80735799916808
-123.938484000267 40.80540699931341
-123.9382639992606 40.80486299937921
-123.9373979999705 40.80355699932899
-123.9359560000219 40.80211399888838
-123.9347339992831 40.79905199873759
-123.9343690003084 40.79844999882312
-123.9336429998621 40.79775199929228
-123.9322730007818 40.79697399940451
-123.928382000231 40.79563699910646
-123.9256810006319 40.79501799908659
-123.9236630000248 40.79190899886764
-123.9229399999516 40.79104799974856
-123.9225210014485 40.79075400031228
-123.922226999924 40.79058399788362
-123.9192729997067 40.79009999788315
-123.9185689999 40.78980699879344
-123.9167999997132 40.78824000033438
-123.9154970005801 40.78738799894754
-123.9140840000456 40.78689999878897
-123.9117789993833 40.78635999887721
-123.9114699995868 40.78613499886498
-123.9108000001153 40.78514599885882
-123.9097620003978 40.78457499917275
-123.9054209995851 40.78343999919108
-123.9022889999908 40.78228499889157
-123.9007530003309 40.78193599873594
-123.9007349998893 40.78139599927437
-123.9003230001606 40.78034499931626
-123.8990889997262 40.77835499837498
-123.8961160001405 40.77597799872986
-123.8937269998127 40.77453799889162
-123.8861910005549 40.77106899898739
-123.8850469996338 40.77028399887536
-123.8840279992845 40.76918899929653
-123.8831690005655 40.76753899922515
-123.8824159985583 40.76521799882561
-123.8820730002233 40.76457099782967
-123.8793359997409 40.76171699973851
-123.8760640004045 40.75970999885836
NaN NaN
-123.9028499996824 40.8347559992766
-123.9023950002961 40.8332549993082
-123.9020549996391 40.83114699782848
-123.9003780004122 40.82844099909018
-123.899747999327 40.82687399979071
-123.899903000036 40.82602099882165
-123.899842000835 40.8246889987862
-123.8990449993453 40.82354199925992
-123.8978589985914 40.822667998934
-123.8955219999387 40.82134399876052
-123.8949200002393 40.81985699784674
-123.8943129996186 40.81914599884143
-123.8938759997756 40.81764599907262
-123.893283000297 40.81654599889623
-123.8908290005702 40.81458599915099
-123.8883079999978 40.81357300027606
-123.887276999953 40.81292899876015
-123.8864919999554 40.81200699928551
-123.8853830000928 40.81168099933281
-123.8849189995873 40.81142499928585
-123.8842770006032 40.81050699923453
-123.8833590014346 40.80976099904204
-123.8778230014438 40.80713799924992
-123.877246999887 40.80680399887627
-123.8761050004124 40.8058569991938
NaN NaN
-123.9303740000005 40.83214099876751
-123.927604999731 40.83291399918487
-123.9267359991696 40.83286000039372
-123.9262860007044 40.83244199917577
-123.9264000014055 40.83168999924731
-123.9268470003959 40.83054799906853
-123.9269240003889 40.82933899900826
-123.9266449998313 40.82814799931504
-123.9263169997682 40.82756399906811
-123.925640000624 40.82689999934588
-123.9248580001012 40.82647399933583
-123.9214700004139 40.82589500025793
-123.9204429996687 40.82554899936682
-123.9195419993202 40.82511699924874
-123.9174230002274 40.82344399884933
-123.9157510001251 40.82256799933222
-123.9052940002618 40.81782899935452
-123.904836999429 40.8177169987441
-123.9040330000632 40.81775999920723
-123.9033800003101 40.81796099919987
-123.9028099986011 40.81860999892462
-123.9023930006462 40.81879399929294
-123.9017810000027 40.81865999900869
-123.9007530003309 40.81719499886774
-123.8996340004225 40.81646399933427
-123.8988949995574 40.81616299914468
-123.8945710002598 40.81558599926345
-123.8935550002836 40.81521299885413
-123.8930560014146 40.8147679989487
-123.8923879997963 40.81380599921911
-123.8913509999037 40.81284699880679
-123.8904410002326 40.81245199935286
-123.8879310004293 40.81208799878961
-123.887272999755 40.81176599908483
-123.8862219996187 40.81052799901105
-123.8861680000903 40.80929399895489
-123.8857150003538 40.80770399975817
-123.8843300003066 40.80554699916497
-123.8829269998178 40.80394099934217
-123.879807999744 40.80151399875754
-123.8791850001281 40.8011719983437
-123.8783569995746 40.8012159989411
-123.8780970001819 40.80144999940267
-123.8779030000131 40.80290699896427
-123.8777180000652 40.80321999782866
-123.8773930003752 40.80334699892389
-123.8768379996331 40.80318399929443
-123.8761260003288 40.8027279993978
NaN NaN
-123.9116079996791 40.81596299921214
-123.9117770006318 40.81558799873326
-123.9118489997035 40.81472899893696
-123.911467999937 40.81359599929189
-123.9106889997872 40.81257499929723
-123.9092210007977 40.81109700026806
-123.906086999757 40.80904899976559
-123.9027710000397 40.80759499895927
-123.9018570001707 40.80648699906774
-123.900973000439 40.80591999883835
-123.8997659997687 40.8046499989877
-123.899398000421 40.80442799776585
-123.8979759996656 40.80378699936645
-123.8966369996491 40.80357599875328
-123.8962840003701 40.80318999882487
-123.8960750001327 40.8023949988629
-123.8956169985766 40.80181399916093
-123.893948000644 40.80056799937306
-123.8934230000391 40.80028699914391
-123.8905719997539 40.79931199883572
-123.8888960003519 40.7990039988069
-123.8877990001848 40.79844299785101
-123.884221001425 40.79760799929619
-123.8831100001159 40.79767800034393
-123.8816899999086 40.79749699890182
-123.8813009997462 40.79753599884095
-123.8799399999885 40.79714599909837
-123.8778050001039 40.7962389993687
NaN NaN
-123.9819600004311 40.85980699894893
-123.9820700000359 40.85707999885005
-123.981903001428 40.85447999896208
-123.9817149993104 40.85408899880321
-123.9802840001308 40.8524489987862
-123.9798899999455 40.85176699925027
-123.9788749997942 40.85079899874955
-123.9779359998108 40.85010699891888
-123.9767469995822 40.84813499782432
-123.9763609997928 40.84779499908516
-123.9752350002118 40.84741599878431
-123.9720560007618 40.84698599899896
-123.970396000355 40.84657899895164
-123.9694879994355 40.84603099908846
-123.9683549992834 40.84484099920004
-123.9668589998065 40.84352800028952
-123.9662370000156 40.84322299925576
-123.9643409996072 40.84261599877514
-123.9631139997438 40.84187899933531
-123.9583739996213 40.83679199883245
-123.9572369992712 40.83595299918218
-123.9560889999488 40.83534899874071
-123.9539530002393 40.83382099925509
-123.9537130000398 40.8333509978406
-123.9536369998718 40.83261399937811
-123.9539900000492 40.830393998994
-123.953891000315 40.82967599903653
-123.9533150005548 40.82869299785889
-123.9521879993522 40.82805299925386
-123.950633000324 40.82759699896894
-123.9454129998025 40.82713099926021
-123.9446329998278 40.82394599884084
-123.9441840002892 40.8228969993847
-123.9424589995851 40.82039999926025
-123.939938999736 40.8179200003061
-123.9356759996395 40.81519599884381
-123.9335779995647 40.8143519987746
-123.9308739995926 40.81392299877367
-123.9269329997114 40.81406599930884
-123.9253650002644 40.8140249993676
-123.9243450000902 40.81379499877971
-123.9230759985974 40.81312300036875
-123.9214439995763 40.81213799903016
-123.9201440008162 40.8111329992694
-123.9141350000992 40.80550599939928
-123.9129939995512 40.80480299876344
-123.9093200014302 40.80307900028484
-123.9089860006211 40.80282899925433
-123.9065970002932 40.80183999901871
-123.9062240000243 40.80151799922516
-123.9049549994298 40.8008549988341
-123.9026659995594 40.79909599938026
-123.8983919995921 40.79721899896815
-123.8971060001775 40.79626799910798
-123.8961909995853 40.79579199932299
-123.8928580001496 40.79443499931423
-123.8907800001664 40.79284099882936
-123.8885799999844 40.79028599932928
-123.8868059997748 40.78860199878977
-123.8837200002113 40.78656099876038
-123.8806429999702 40.78531399918374
NaN NaN
-123.8969069999859 40.8035589991613
-123.8970070004433 40.80310799907594
-123.8978169996569 40.80192499913652
-123.8975459985969 40.80086199887177
-123.8967520001752 40.80015699875155
-123.8937910002851 40.79870900026989
-123.892041000365 40.79814999885627
-123.8906730000362 40.79818999874887
NaN NaN
-123.906815999678 40.8144089993171
-123.9053220007492 40.81267099921148
-123.9046999991617 40.81213099882196
-123.9009829995864 40.81049899938267
-123.8982259999108 40.8086289990508
-123.8965300004173 40.80730299908693
NaN NaN
-123.9203550007035 40.83701099920831
-123.9171679999593 40.83677399916041
-123.9100279996382 40.83694999936876
-123.9074290001464 40.836862999077
-123.9057629998919 40.83649299934211
-123.9041660001326 40.83584599879953
-123.9028499996824 40.8347559992766
NaN NaN
-123.9622609999741 40.74986399885929
-123.9589489995565 40.74806999895046
-123.9566870003486 40.7465799988195
-123.9543670014144 40.74465299930808
-123.9526749994239 40.74299899938385
-123.9499189995733 40.73980399938903
-123.9479400002226 40.73636399922268
-123.9475009998314 40.73493699917803
-123.9469940005665 40.73247599890649
-123.9455090000619 40.72732199897681
-123.9447769997678 40.72379099901174
-123.9429109985984 40.71768699938345
-123.9389030005666 40.70090799918805
-123.9369440004091 40.69551899930848
-123.9330419999876 40.68895600032606
-123.9327180001224 40.68816399785563
-123.9335680004173 40.68596899919222
-123.933643999687 40.68414000037313
-123.9322109999592 40.67902499907062
-123.9291739999012 40.67456200032197
-123.9281560002751 40.672701999003
-123.9269379997342 40.67136199893048
-123.9256210003575 40.67033999880698
-123.921978000402 40.66703499922217
-123.9199849999093 40.66605900025093
-123.9184140000892 40.66543699884159
-123.9152519985611 40.66292199924619
-123.9123439992728 40.66004699897107
NaN NaN
-123.9493350003155 40.85905999880061
-123.9489260000615 40.85831499928037
-123.9484970006145 40.85785999936897
-123.9474220001887 40.85729899877331
-123.9468489999033 40.85658699888964
-123.9447209996913 40.85585199884652
-123.9443980014478 40.85537499901161
-123.9440160000597 40.85425099887969
-123.9432599985779 40.85321999915184
-123.9427909998461 40.85290099927526
-123.9415959997697 40.85253299909235
-123.9394300008213 40.85153799930328
-123.9380380002031 40.85038299899111
-123.9377980000036 40.84989399906686
-123.9378080000493 40.84942499905913
-123.9387589997283 40.84795200030864
-123.9391360001951 40.84702099930698
-123.9390330002629 40.84600499888067
-123.9384280001904 40.84492499895772
-123.9372549998554 40.8442939988779
-123.9362639999935 40.84396499897461
-123.9351269996435 40.84378499772698
-123.9333889994189 40.84390199876345
-123.932553000266 40.84379399932999
-123.9313260004026 40.84348099888929
-123.9305730001921 40.84316199901649
-123.9295099985636 40.84240199895962
-123.9283670001623 40.84121199779123
-123.9273670000796 40.83964699935193
-123.9270470004125 40.83878299921796
-123.9268270003045 40.83844699899399
-123.9263979999591 40.83818099888315
-123.9249309998961 40.83760499931314
-123.9203550007035 40.83701099920831
NaN NaN
-123.9303740000005 40.83214099876751
-123.9330999997139 40.83339899875392
-123.9346769993817 40.83448499899919
-123.9352639999108 40.83502499888281
-123.9360160002964 40.8359749988266
-123.9365579997214 40.83700399890645
-123.9383339995808 40.83930999903306
-123.9387610002764 40.83973899930054
-123.9404869999071 40.84093699931065
-123.9408320005869 40.84137699918624
-123.9424739996537 40.84449899923315
-123.9413570002935 40.844038999308
-123.9406889995735 40.84354599880717
-123.9401919985577 40.84313800039979
-123.9393810004175 40.8419549993135
-123.9389679999656 40.84157199882257
-123.9378779985729 40.84093899937537
-123.9337429994212 40.83886899930486
-123.9327990003133 40.83833099893381
-123.9313789992077 40.8372939990445
-123.930718999782 40.8365119988498
-123.9300790004477 40.83520699901046
-123.9300559999831 40.83435099915241
-123.9303740000005 40.83214099876751
NaN NaN
-123.9698309995672 40.86494499901789
-123.9693879998764 40.86378699934204
-123.9668859995706 40.86016100038277
-123.9661260005858 40.85929199885086
-123.9634279995631 40.85684499880972
-123.9626700002281 40.85600299913547
-123.9613370000595 40.85376399932183
-123.9597820001329 40.85204699934125
-123.9583689995984 40.85073999913715
-123.9537450007251 40.84863199918799
-123.9513089996433 40.84726699918404
-123.9490700000016 40.84536299893006
-123.9471970000578 40.84302399903674
-123.9441329993373 40.8416609990932
-123.9432820001158 40.84106499925447
-123.9421499997886 40.84010099890773
-123.9416369997776 40.83939499940008
-123.9409379999938 40.83875899901571
-123.9392829996099 40.83758499901634
-123.9369970001125 40.83439399902623
-123.9356980002791 40.83319999894649
-123.9348589998548 40.83282000032943
-123.9321440000121 40.83196799886964
-123.9316209999554 40.83194899873939
-123.9303740000005 40.83214099876751
NaN NaN
-124.0686329993035 40.90850399928995
-124.0682659997806 40.90810099929659
-124.0673829998738 40.90760699899824
-124.0643130002038 40.90665199877843
-124.0568680002843 40.90076300026802
-124.0563510000753 40.90022899936591
-124.0559910002252 40.89932999920666
-124.0558149995998 40.89787499888114
-124.0551400001054 40.89706799910033
-124.0545190001394 40.89552799905444
-124.0528759985527 40.8943999990604
-124.0521680003447 40.89362899937123
-124.0485360002599 40.88835499912924
-124.0485930001613 40.88811899903615
-124.0494259998395 40.8875149987396
-124.0496030002898 40.8868599991459
-124.0494000007985 40.88600099922115
-124.048784999782 40.88498399929701
-124.0487150003601 40.88374199894519
-124.0489170000264 40.88288799935054
-124.0487739999113 40.88227899875389
-124.0479310001874 40.88184700027303
-124.0455599994029 40.88125599874616
-124.0449400001601 40.88078899891425
-124.0439450001003 40.8791439987979
-124.042853999781 40.87852299937815
-124.0412389995801 40.87871899884422
-124.0409390000044 40.87845799777753
-124.0409659997686 40.87766399923924
-124.0404339985927 40.87706799926639
-124.0392170005717 40.87696299904342
-124.0375780000813 40.87736799888866
-124.0372979996988 40.87723299898914
-124.0370880014331 40.87667099896447
-124.0367179997407 40.87619599931067
-124.036089000277 40.87599999780813
-124.033773999569 40.87641799938292
-124.0334820003893 40.87606699878904
-124.033372999711 40.87560999887273
-124.0335129985548 40.87486499940533
-124.03329399917 40.8744139992225
-124.0322340006095 40.8734919988218
-124.0316300003619 40.87331299888087
-124.0295280000892 40.87307499835787
-124.0281730001793 40.87261299937546
-124.0279430000255 40.87232299892595
-124.0278030002835 40.87130899915091
-124.0261490006228 40.8684679987616
-124.0247939998145 40.866960998859
-124.0232719986016 40.86604499924928
-124.0229300000915 40.86566799940357
-124.0227849994283 40.86541199784877
-124.0228320001822 40.864120998765
-124.0216690007912 40.86285099916514
-124.0210210001627 40.86250199875402
-124.0205030001289 40.86195099929795
-124.0204010000216 40.86140399890795
-124.0204990008292 40.85996699914038
-124.0195110004421 40.85757299785929
-124.0179029999138 40.85533499894488
-124.0166020004305 40.85391599911048
-124.0158330003265 40.85332799885147
-124.0135800004411 40.85269799880123
-124.0128239998576 40.85257799775653
-124.0110780001354 40.85275199977796
-124.0108010001259 40.85265199934376
-124.0105500000558 40.85241699922399
-124.010471000413 40.85186899939615
-124.010749999174 40.8494079989849
-124.0105669997742 40.84889999931151
-124.0096350003619 40.84791999925407
-124.0086639996932 40.84795999904093
-124.0083289999574 40.84769999931552
-124.0081049996515 40.84772599885828
-124.0071530001476 40.84745899901711
-124.0061260003007 40.84692399786414
-124.0047930001321 40.84597499883731
-124.0039770001724 40.84561299937292
-124.0023629997964 40.84515999914608
-124.0011680006183 40.84501799936614
-123.9997830005712 40.84506299905656
-123.9993609998984 40.8449499992776
-123.9988399985932 40.8445429989582
-123.9976089994301 40.84286899905661
-123.9971239999066 40.84246999894413
-123.996122000174 40.84194299910813
-123.9929140004118 40.84099999894222
-123.9911339985578 40.84098499880884
-123.9899580014429 40.84074299886088
-123.9894919985926 40.84046899881366
-123.9880420000448 40.83915399880346
-123.9870549985842 40.83868099931782
-123.9846389993905 40.83790199906867
-123.9839460003528 40.83738300030191
-123.9835660004112 40.8365109977312
-123.9834149999001 40.83528099892698
-123.9830900002101 40.83476799874411
-123.9823029996644 40.83427099875976
-123.9813939998183 40.83391199933486
-123.9806809997908 40.83303399913526
-123.9807120006513 40.83187899917852
-123.9809260000132 40.83081699875548
-123.9814669996133 40.8296549992038
-123.9816950001172 40.82841199913534
-123.9816590001322 40.82733999926616
-123.9811649985912 40.82591399940391
-123.979982000007 40.82446399884886
-123.9792060002303 40.8237219990541
-123.9752429997094 40.82154899938966
-123.9743580001527 40.81971099887932
-123.9741030007829 40.8189529992334
-123.9738939996472 40.81752599914869
-123.9734420006339 40.81662999915494
-123.9713910004149 40.8151539988397
-123.9698699999252 40.81380499911744
-123.9695249992455 40.8133469992356
-123.9651209995819 40.80960999878811
-123.9634309999362 40.80691399914021
-123.9629929993699 40.80561999931525
-123.9623580000586 40.80249500031402
-123.9617229998488 40.80107200033937
-123.961429000121 40.8006939991234
-123.9606369995524 40.80007899920995
-123.9539039998355 40.79775099894864
-123.952893999707 40.79684499900165
-123.9517899998672 40.79530199895965
-123.95136300007 40.79291800033833
-123.9508619997546 40.79222099883746
-123.9493670001025 40.7906639992808
-123.9489770001152 40.78982899878161
-123.9489810003132 40.78946799932212
-123.9491849996293 40.78908299876458
-123.9502369995906 40.7879409989309
-123.9509329998997 40.78636800027835
-123.9509710004328 40.785545998869
-123.9505509994099 40.78437799886034
-123.9498390001056 40.78284999921255
-123.9449719997615 40.77643199940205
-123.9443659998641 40.77619899918538
-123.9448379998672 40.77571499910736
-123.945179000349 40.77503699878624
-123.9453700001448 40.77354299882761
-123.9450709985974 40.77241699918419
-123.9430090003043 40.76982299914383
-123.9405680000979 40.76808899881186
-123.9395560003197 40.76713799883053
-123.9385610002599 40.76577199915143
NaN NaN
-124.0116220001085 40.84931699911309
-124.0112470001898 40.8479039990608
-124.0107910000802 40.84716199927367
-124.0086960003785 40.84575899907568
-124.0075969996633 40.84520899929149
-124.0072009998282 40.84512199896678
-124.0056370005792 40.84516299939179
-124.0018129999755 40.84423099829992
-124.0011900003596 40.8439170002754
-124.0006639999299 40.84362799886351
-124.0005939996096 40.84299899934945
-124.0003090001026 40.84236799928095
-123.999556999717 40.84141799920967
-123.9980369999506 40.8407549992835
-123.9967709997292 40.84038999938838
-123.9947449996245 40.84000399888963
-123.9934909999969 40.83943099935478
-123.9927410001594 40.83894099908646
-123.9924850000664 40.83863299883081
-123.9910840001257 40.83645099787139
-123.9897669998506 40.83581699936477
-123.9881230002356 40.8354819988344
-123.9869619995961 40.83486999786847
-123.9863320003076 40.834195999281
-123.9858340003652 40.83312099901446
-123.9858739996499 40.83170399893341
-123.9856709992603 40.83126099922742
-123.9841820003543 40.83006299903572
-123.9838790004057 40.82951499924275
-123.9840080002771 40.82884300034505
-123.9845070000444 40.82822299883787
-123.9846059997786 40.82786899874112
-123.9845770003645 40.82691399936361
-123.9835800006549 40.82496199886341
-123.9824030001219 40.82213200028563
-123.9814390000242 40.821216998799
-123.9806230000645 40.82082799884914
-123.9775209997091 40.81983599898356
-123.976908000139 40.8194859990498
-123.9761519995555 40.81848199913591
-123.9750870000737 40.81636999891579
-123.9728690003485 40.80797499932803
-123.9728169995716 40.80723699879341
-123.9725220000188 40.80663299925993
-123.9717379998462 40.80573899879199
-123.9705189985821 40.80534499873107
-123.9689050000026 40.8051169991185
-123.9680499996849 40.80464799918827
-123.9673789985918 40.80409299914444
-123.9652260000622 40.80160999903416
-123.9650999996655 40.80125299883361
-123.965588999387 40.80022799877767
-123.9658809985668 40.79906399922483
-123.965960999831 40.79728599937419
-123.9656489996615 40.79615099902712
-123.9650689997034 40.79507899873074
-123.9639180000079 40.79400699880641
-123.9624729996863 40.79337599907765
-123.9608190000256 40.79284300034467
-123.9588070001646 40.79182499927916
-123.9581600002593 40.79083599831968
-123.9575710000803 40.78873599924315
-123.9572209993777 40.78819699910535
-123.9552729999891 40.7866089988455
-123.9552489996997 40.78595999832847
-123.9558250003582 40.78349899883267
-123.9558980001531 40.78245099782309
-123.9552450004 40.78070399887243
-123.954700000602 40.7796309988904
-123.9530109998829 40.77714200030457
-123.952533000032 40.77664299785374
-123.9499949997412 40.77530799906439
-123.9493629999046 40.77458899885922
-123.9490929995678 40.77182100029775
-123.9497850005773 40.76932899932609
-123.9496959999905 40.76856499783252
-123.9482770014048 40.76667199974854
-123.9454930001684 40.76431799894927
-123.9429210004408 40.76192899885477
-123.9417890001136 40.76006199875187
-123.9415220001499 40.75799699873227
-123.9414849994417 40.75408599936726
-123.9402690003472 40.74982399776302
NaN NaN
-123.9423270002389 40.84160099777851
-123.9434139985636 40.84261199874678
-123.9458339997519 40.84390599939346
-123.9470120001099 40.84484299914696
-123.9485550003408 40.84637099940323
-123.9502500000094 40.84741799933305
NaN NaN
-123.9772430007731 40.8809539988706
-123.9769290000554 40.87956899873961
-123.9765549999616 40.8788149987591
-123.9742800003349 40.87564999892152
-123.9740939996637 40.8748719991038
-123.9736999985801 40.87246800032839
-123.972805999701 40.87155000031805
-123.9716680004243 40.87070199919604
-123.9708020002359 40.87028799928808
-123.9678849998284 40.86925399934656
-123.9667679995699 40.86900099927246
-123.9658620000968 40.86849799880996
-123.9663359997497 40.86785099891867
-123.9669190000809 40.86657099898694
-123.9670499996022 40.86465499895206
-123.9667310006583 40.86294299883097
-123.9662379998405 40.86196699881656
-123.9649619995732 40.86013199935768
-123.962779999833 40.85777599902271
-123.9610750001186 40.85677499904136
-123.9597650004145 40.85494999936071
-123.958503000391 40.85423399936421
-123.9573970000031 40.85312399881803
-123.9523410004114 40.8500649992798
-123.9517970004383 40.84989299882988
-123.9499010000299 40.84970999937405
-123.9493649995544 40.84923099899235
-123.9489600003968 40.8481259988495
-123.948613999892 40.84764999938208
-123.9473989997242 40.84647999900296
-123.9457400000406 40.84564899934808
-123.9424739996537 40.84449899923315
NaN NaN
-123.9750000000351 40.89062199917939
-123.9724070003911 40.88860399929622
-123.9707620000529 40.88770399904389
-123.9667500000265 40.88568199899196
-123.9654800014037 40.88417199784323
-123.9626040001058 40.88174700029824
-123.9613719993212 40.88114599887002
-123.9595689996976 40.88053599877093
-123.9582819995597 40.88025899890636
-123.9560549996136 40.88008899899165
-123.9548830000018 40.88013499773318
-123.9530040002102 40.88093399875373
-123.9513440007017 40.8814009989209
-123.9491369999487 40.88141699917369
-123.946930999919 40.88123399919307
-123.9464589999159 40.88063599921697
-123.946494000076 40.87997700032748
-123.9473729997849 40.87910999895633
-123.9491849996293 40.87774599918025
-123.9495369999818 40.87723899929242
-123.9496730004243 40.87647699921875
-123.94908699972 40.8748719991038
-123.9479739996594 40.87341099892747
-123.9459679996462 40.87210399909154
-123.9456270000627 40.87173599894196
-123.9461359998757 40.87106200031972
-123.9471340003086 40.8702099993405
-123.9477469998787 40.86947799880403
-123.9488119993604 40.86726199874005
-123.948429999769 40.86398400033839
-123.9484890002186 40.86310799978718
-123.9489970002067 40.86176599906303
-123.9493380006885 40.86018699911229
-123.9493350003155 40.85905999880061
NaN NaN
-123.9515439998199 40.83295099907379
-123.9509859996031 40.83122799911092
-123.9502990004132 40.83015899879123
-123.9484160004236 40.82848800027917
-123.9467800003063 40.82761999788073
NaN NaN
-123.9766609993685 40.8867459989959
-123.9757919997054 40.88606199940492
-123.9753439999917 40.88547199922171
-123.9743430000841 40.88497199873578
-123.9737569993799 40.88445799914222
-123.9726299999739 40.8818789992007
-123.9721989999786 40.88138799930699
-123.9712560006956 40.88086799907227
-123.9693600002873 40.88027899922721
-123.9683669998773 40.88013899889201
-123.9671180002726 40.88007099885525
-123.9650920001679 40.88017099932465
-123.9630440003219 40.88005599873787
-123.9611740007512 40.87971899882665
-123.9571119995977 40.87858499878686
-123.9544440014073 40.87863399934111
-123.9531049995942 40.8784599987473
-123.9520419997623 40.87724899889098
-123.951098999581 40.87542199920266
-123.9506649992128 40.87486799830587
-123.9502080001766 40.87389899927325
-123.950072999559 40.87315499877752
-123.9501540006482 40.87247599881782
-123.950377000231 40.87178399922517
-123.9519920004319 40.8687749989769
-123.952232999558 40.86732499779947
-123.9522630005936 40.86613399925832
-123.9519700006906 40.86383499927329
-123.9512309998255 40.86138799925333
-123.95026099988 40.85994099896573
-123.9493350003155 40.85905999880061
NaN NaN
-123.9875970007042 40.78463100026322
-123.9855070001271 40.78243499883742
-123.9852140002241 40.78143399923896
-123.9843800007211 40.78007299924919
-123.9839010001469 40.77975399911937
-123.9832609999144 40.77955099916671
-123.9824600000233 40.77898999913743
-123.9819449985658 40.77846599879931
-123.9814890002529 40.77773199928656
-123.9797140002184 40.77669799884892
-123.9788669993982 40.77639099934139
-123.9786820003486 40.77603599888668
-123.978074999728 40.77577599879697
-123.9777940004189 40.77520799883946
-123.9778350004268 40.77486399895687
-123.9784990000505 40.77294099893432
-123.9785240001649 40.77231799873609
-123.9781249999567 40.7710959993844
-123.9774920002951 40.76994399899925
-123.9757059985933 40.76806199787335
-123.9741020000596 40.76692300029813
-123.9736750002624 40.76647700035866
-123.9717620001356 40.76381599899707
-123.9712469995765 40.76265999887359
-123.9692179999971 40.75980299899016
-123.968128000401 40.757863999134
-123.9677220014185 40.75674099935634
-123.9677149999491 40.75574899907858
-123.9674150003735 40.7550379992804
-123.9659989985675 40.75407299927765
-123.9645540000425 40.75277599891922
-123.9622609999741 40.74986399885929
NaN NaN
-124.0072259999425 40.78355999885663
-124.006841999803 40.78139899900386
-124.0067300014466 40.77950999899038
-124.006192000423 40.77674299932004
-124.0053529999988 40.77593199910896
-124.0033529998333 40.77456499923952
-123.9994400004395 40.77220700028472
-123.99809800005 40.77077099926908
-123.9942470005804 40.76708999896217
-123.9934779995781 40.76533399882415
-123.992972999963 40.76470899910159
-123.9918470003819 40.76386899937707
-123.9880789998547 40.76021799785342
-123.9866180014362 40.75906599873632
-123.9855280000435 40.75794199926832
-123.9844769999071 40.75666099929
-123.9837429999632 40.75458899894479
-123.9830609998978 40.75314599937049
-123.9823849996802 40.75208199915576
-123.9775990004252 40.74664499840029
-123.9745289998569 40.74279999936834
-123.9723129997814 40.74083699889387
NaN NaN
-123.9788410003573 40.8843139992696
-123.9778100003124 40.88304899920406
-123.9772430007731 40.8809539988706
NaN NaN
-123.9779919998873 40.83932299875244
-123.9784630000655 40.84013199927595
-123.9791629996742 40.84071899936827
NaN NaN
-123.999821000206 40.89607199935275
-123.9947049994415 40.89177299881169
-123.9885650001015 40.88870699872858
-123.9854219997382 40.88757299920301
-123.98041899985 40.88541600039284
-123.9787209998084 40.88445199881424
NaN NaN
-123.987699999738 40.82784199899602
-123.9871399998713 40.82565099907846
-123.9852469998361 40.82315999907521
-123.9820879995793 40.82072699919512
-123.9809400002569 40.82012299873404
-123.9791829997657 40.81966599897446
NaN NaN
-123.9793760001096 40.84081499932524
-123.9804330000937 40.84105699901034
-123.9832259997543 40.84130799839335
-123.983780999598 40.84145799884347
-123.9841309994024 40.84169099905063
-123.9844280004016 40.84198499913781
-123.9850960002233 40.84498699924447
-123.9854519998755 40.84545999926004
NaN NaN
-123.9855580001807 40.84553399928321
-123.9877110014053 40.84725299938683
-123.9910420002929 40.85148500026801
NaN NaN
-123.9925629998842 40.90852499925094
-123.9893860000841 40.90139599906419
-123.9857840001365 40.89698799906364
NaN NaN
-124.0655919999458 40.86326699876328
-124.0644930001289 40.86297699882284
-124.0625909998728 40.86312899785359
-124.0612710001229 40.86286499906347
-124.0597589998541 40.86236400032664
-124.0589489997422 40.86231899879818
-124.0577329997495 40.86263900024622
-124.0567999996139 40.86271399879085
-124.0557960002316 40.86258399777201
-124.0552840000455 40.86192499922269
-124.0548019999966 40.86074099919554
-124.054125999779 40.85990699877418
-124.0525609998068 40.85887599874527
-124.0508979999253 40.85821699931266
-124.050243999449 40.85776099928938
-124.0496409999246 40.85758199894821
-124.0491689999215 40.85701099878013
-124.0487239996826 40.85541999914277
-124.0484299999547 40.85294099877319
-124.0482070003719 40.85256999890218
-124.0464310014108 40.85137399895873
-124.0450790000773 40.85075099888459
-124.043399999404 40.85065199905328
-124.0423639993362 40.85036999940251
-124.0420189995548 40.84971399897396
-124.042204000401 40.84751699923952
-124.0419260005666 40.84637199901383
-124.0405490000171 40.84486599887209
-124.0396059998358 40.84350799974114
-124.0379680000686 40.84264099928647
-124.0375789999062 40.84225699900944
-124.0374530004078 40.84171099878817
-124.0375930001499 40.84059699898164
-124.0375139996088 40.83982399775823
-124.0358230001383 40.83653399898836
-124.0336829993324 40.83434899888891
-124.0289570003519 40.83108599939025
-124.0252730003886 40.83011399781861
-124.0250220003184 40.82965299879863
-124.0248880004241 40.82874699936396
-124.0249749995645 40.82775199931317
-124.0246140007878 40.82724099913077
-124.0234679993185 40.82625899915646
-124.0237290003328 40.82560999882003
-124.0234819995622 40.82502299885656
-124.023231999317 40.82478799933254
-124.0214500014064 40.82388099873786
-124.0201390000808 40.82227299881281
-124.0178879998452 40.8214709991586
-124.0170699993374 40.82104599893781
-124.0166629996316 40.82056299874951
-124.0160640003052 40.81941099916363
-124.0154790003242 40.81720199786177
-124.015192000269 40.81674299893862
-124.0133600003331 40.81515199935683
-124.01153300042 40.81385799904663
-124.0102560003279 40.81264599895681
-124.0067500006398 40.80867599932117
-124.0056009996959 40.80654899926309
-124.0040330002489 40.80117999931996
-124.0036319985943 40.80037299883455
-124.002742999738 40.79910300028349
-124.0011480014252 40.79771199913581
-124.0000289997201 40.79591699892694
-123.9997579995585 40.79508699840116
-123.998431000136 40.79423799900849
-123.9963989992851 40.79244499888826
-123.9937920002957 40.79118599975678
-123.9933729999961 40.79047799889345
-123.9925759994047 40.7899889992181
-123.9922970006437 40.7896739989263
-123.9912029999514 40.78746399880005
-123.9905469998252 40.78695299912056
-123.9894489998332 40.78640199874064
-123.9875970007042 40.78463100026322
NaN NaN
-124.0689219999068 40.89616799786251
-124.0643659999073 40.89120399932366
-124.0636599995524 40.89027099920803
-124.0608169996632 40.88742400028706
-124.0588220004189 40.88509999917649
-124.0568719995839 40.88209699886978
-124.0563080004176 40.88029399929405
-124.0557479996527 40.87919399873292
-124.0525080001033 40.87754999887083
-124.050030999912 40.87592599785236
-124.0494700002204 40.87480999893457
-124.0459820000756 40.87165799934164
-124.0443330004378 40.87062999927982
-124.0425509998323 40.86932599940037
-124.0393599997885 40.86766199898583
-124.0376740003408 40.86700499929261
-124.0365190004473 40.86671699938221
-124.0339959993269 40.86638399877361
-124.0326000003074 40.86604199926978
-124.0314649996072 40.8656999993585
-124.0300090003132 40.8649259988299
-124.0296510001129 40.86447799893204
-124.0302379997437 40.86328699878266
-124.0304849996159 40.86197999884724
-124.0304720000954 40.86133100036734
-124.030087000131 40.86037899887357
-124.0297189998849 40.85996699914038
-124.0278789995531 40.85909799913978
-124.0267069999413 40.85872099779614
-124.0247919992664 40.85842199939844
-124.0244740001474 40.85826099876147
-124.0245639996607 40.85562499905141
-124.0242449998185 40.85416599922033
-124.0231019996206 40.85303099891412
-124.0207910000089 40.85222999777854
-124.019283999763 40.85157599920089
-124.019251999976 40.85122499874539
-124.019588000435 40.85022299875445
-124.0196180005722 40.8496999990142
-124.0191609997394 40.84874899914192
-124.0186619999721 40.84830599917898
-124.0167329999518 40.8477639989035
-124.0147410001823 40.84780099933786
-124.013469000113 40.84795899877471
-124.0130159985799 40.84792799934931
-124.011998999677 40.84755599899728
-124.011678000185 40.84689900032756
-124.0114239997418 40.84468899897956
-124.0110670002647 40.84381699873958
-124.0101349999541 40.84327899911406
-124.0089490000985 40.84285699901674
-124.0076369998463 40.84271899908147
-124.0049179998056 40.84267999919545
-124.0040259996779 40.84243799931988
-124.0036230001701 40.84221599882538
-124.0023519999257 40.84027399933036
-124.0012010002303 40.83929199936514
-124.0004990000734 40.83872799936458
-123.9998580000159 40.83722499875874
-123.9992230007045 40.83646999875037
-123.9979850000721 40.83597799880842
-123.9962130004106 40.83569199879683
-123.9958739995786 40.83557599935293
-123.9955499997135 40.83528899918857
-123.9951420001828 40.83455399873852
-123.9948300000133 40.83322099901589
-123.9942790003675 40.83267899907763
-123.9938590002429 40.83259399893494
-123.9928840002745 40.83213799929172
-123.9924809998684 40.83171799929626
-123.99246400015 40.83097899930891
-123.9919369998953 40.83024799875197
-123.9909959993638 40.82996199917119
-123.989827000125 40.82982799901929
-123.9887490002245 40.82943899927606
-123.9880290014226 40.82885799914759
-123.987699999738 40.82784199899602
-123.9881680004415 40.82814099875708
-123.9888539998065 40.82833599926391
-123.9915129995728 40.82815099897128
-123.9923429997761 40.82836799889841
-123.9929520000466 40.82908799916721
-123.9935440005986 40.83012399909472
-123.9941990000015 40.83082399903093
-123.9958020014052 40.83128699910166
-123.9962150000604 40.83144499916393
-123.9964290003207 40.83167299938169
-123.9966889997134 40.83207899937854
-123.9970700003782 40.83360899919733
-123.997517000267 40.83418899936157
-123.9984930000602 40.83467199886515
-124.0011929998344 40.83499999889717
-124.0016790000812 40.83499399884486
-124.0024790001473 40.83551799887518
-124.0038929996085 40.83619399918284
-124.0047590006952 40.83640999885353
-124.0055120000074 40.83693500035776
-124.0070870000254 40.83711000038829
-124.0074240003093 40.83718900032455
-124.0079790001531 40.83757699903184
-124.0088039994353 40.83768599882236
-124.0093800000937 40.83823599919036
-124.010644999592 40.83985399922669
-124.0110780001354 40.84018299914862
-124.0118380000186 40.84040199919529
-124.017168000145 40.84131199917999
-124.0180319997852 40.84171699891213
-124.0188489995698 40.84295299927499
-124.0190809993735 40.84541599878467
-124.0193139999003 40.84619299916019
-124.0197089999104 40.84667599886088
-124.0222560004221 40.84807199885913
-124.0243550003217 40.85018599899297
-124.025038000212 40.85050699880683
-124.0285530001209 40.8516369991698
-124.0312629999408 40.85319999881069
-124.0319960000598 40.85378899902491
-124.0330499996709 40.85481899924791
-124.0345850004042 40.85678899886504
-124.0375659985891 40.85938899917279
-124.0381830001538 40.86021599875451
-124.0398659992284 40.86335399904131
-124.0404610001535 40.86401099894987
-124.0432579991137 40.86627399932053
-124.0466919997301 40.86951699922045
-124.0483549996116 40.87081499784994
-124.049994999927 40.87233000025177
-124.0524089985725 40.87409099935869
-124.0531170003738 40.87486999938411
NaN NaN
-124.0097569996623 40.93766899886145
-124.0098870002569 40.93743899924604
-124.0085349998217 40.93556599889432
-124.0074410000277 40.93486199915719
-124.0063709996248 40.93452499883624
-124.0050019985729 40.93375399936347
-124.0037830000037 40.93255799883334
-124.0032869997111 40.93154599917158
-124.0033770001228 40.93039799923475
-124.0032499999012 40.92832899892162
-124.00216100013 40.92646099903607
-124.0018750007981 40.92153799893096
-124.0016179999818 40.9205539993408
-124.0011589986009 40.92019099840476
-124.0005499992287 40.91992099929907
-124.0001540002919 40.91941999933389
-123.9990070007944 40.91864499922767
-123.9983859999301 40.91773699788006
-123.9979569995847 40.91664099831188
-123.9969439999815 40.91530299916698
-123.9959299996551 40.91437999895031
-123.9954130003445 40.91361199916743
-123.9933330007114 40.91228999939096
-123.9913200001272 40.91005499873307
-123.9898100004066 40.90765899923917
-123.9883509998412 40.90360299887286
NaN NaN
-123.9911200001107 40.85159299939839
-123.9915370007605 40.85234399893326
-123.9928709998558 40.85391699928677
-123.9940319995969 40.85495399932373
-123.9960150000439 40.85627599936466
NaN NaN
-123.9962029985683 40.85639299873027
-123.9989080001619 40.85812199885891
-124.0011240002374 40.85927899897203
NaN NaN
-124.0667090002044 40.84317699933677
-124.0643259997243 40.8419469991768
-124.061819000294 40.84019799878391
-124.0575160000145 40.83815599872845
-124.054858999898 40.83732299919244
-124.0485880001385 40.8361379987758
-124.0450969996207 40.83459299932775
-124.0407869996684 40.83198199917673
-124.039856000081 40.83124599892933
-124.0390879998019 40.83026099888901
-124.0377220000213 40.8276809988277
-124.0360120002841 40.82595299895758
-124.0349000000484 40.82515899838294
-124.0324119999864 40.8226609991571
-124.029822999642 40.81964299934369
-124.0282200000349 40.81811700034716
-124.0258059995928 40.81502999883421
-124.0240590000457 40.81349099907899
-124.0236260004006 40.81296399937263
-124.0225209998376 40.81121399916055
-124.0218000003125 40.80912799777689
-124.0219420006027 40.80615699900542
-124.0225660000434 40.80459499938209
-124.0224840000277 40.80312799889133
-124.0218730001074 40.80129899927771
-124.021443999762 40.80042899884207
-124.0215650001358 40.80025399925669
-124.0207490001761 40.79900899907047
-124.0199640001786 40.79811499927057
-124.0197970006723 40.79766999894554
-124.0197730003829 40.7972459989369
-124.02038299958 40.79585599937268
-124.0207729995673 40.79412199914879
-124.0202390014365 40.79284999918698
-124.019648999636 40.79203899908991
-124.0173370001994 40.78949999934216
-124.0167639999139 40.78858999913184
-124.0163370001167 40.7875219977698
-124.0159680000457 40.78579399932503
-124.0158950002508 40.78043199891502
-124.0156929996861 40.77871599906342
-124.0154149998518 40.77776899934211
-124.0145360001429 40.77667099936791
-124.0144850000893 40.77639299931176
-124.0150149998187 40.77527599900881
-124.0146730004102 40.77402499836067
-124.0139700004285 40.77268599918266
-124.0114399996353 40.76981899880749
-124.0093180001695 40.76768699889855
-124.0090729999471 40.76627099888488
-124.0085430002177 40.76546799927425
-124.0079620004346 40.76503499840457
-124.0073979985734 40.7642690002784
-124.0065389998543 40.76268299919982
-124.0047459993781 40.76111799881542
-124.0011660000702 40.75832999873359
-124.0007230003794 40.75781199899363
-124.0001879997288 40.75671199936895
-124.0000129998266 40.75591599928081
-124.0000499996365 40.75400299922268
-124.0004719994109 40.75199699920744
-124.0005839995639 40.74976699893242
NaN NaN
-124.0622739996803 40.95023599930173
-124.0623880003815 40.94447899913447
-124.0619389999446 40.94303299930861
-124.0615290007641 40.94230599928532
-124.0611919995819 40.94180299897685
-124.0602860001088 40.94090399885599
-124.0596629995947 40.94040099872747
-124.0581999997297 40.9395289988986
-124.0541190001063 40.93813799939589
-124.053512000384 40.93770599926769
-124.0519690001531 40.93606100025089
-124.0509520003519 40.93548199876079
-124.0499129999112 40.93518999908132
-124.0435979997707 40.93401599976846
-124.0428529999561 40.93385099914498
-124.0422060000508 40.93354699915054
-124.0418300003072 40.93318999898074
-124.0410930008885 40.93191499891448
-124.0400980008287 40.9298459992746
-124.0389040005772 40.92847799935693
-124.0383390006877 40.92749599873888
-124.0365149993511 40.92569699887684
-124.0360109995609 40.92537999890184
-124.0351960003244 40.92355699911129
-124.0345250001297 40.92260499930742
-124.0340959997843 40.92215899917407
-124.0336680001622 40.92215499919882
-124.0322340006095 40.92135399876907
-124.0318149994115 40.92067299883792
-124.0321910000535 40.92018299889459
-124.032211000145 40.9196859990038
-124.0320570001591 40.9194839988419
-124.0314100002539 40.91917999926937
-124.0299760007012 40.91901899977572
-124.0295509996555 40.91906899876664
-124.0286880007384 40.91870899880725
-124.0285430000751 40.9184519988794
-124.026745999401 40.91731999926069
-124.0255490005731 40.91587999775461
-124.0248090007814 40.91411799875598
-124.0238819995953 40.91325499923535
-124.0222510003992 40.91232499912844
-124.0217390002131 40.91167399934854
-124.0213299999592 40.90987499787602
-124.0210420000791 40.9093979989037
-124.0201030000958 40.90874199936225
-124.0177179999659 40.90770199905499
-124.0169780001742 40.90593099873751
-124.0160709999779 40.90499599975306
-124.0146590001665 40.90396799875509
-124.0139190003748 40.90326099882927
-124.0128039997661 40.90307199883264
-124.0124210003497 40.90237199901896
-124.0088240004251 40.90025999875544
-124.0051719993505 40.89949400029717
-124.0041500004248 40.89903999902387
-124.0022120001836 40.89792999919783
-124.0011409999558 40.89702599936474
NaN NaN
-124.0011520007248 40.85928199925789
-124.001388999653 40.85948699876538
NaN NaN
-124.0015319997681 40.85965799935728
-124.0029009999217 40.86085699875626
NaN NaN
-124.0031889998018 40.86109399896672
-124.0041350003562 40.86198499911966
NaN NaN
-124.0066080003496 40.86473399934182
-124.0043730000075 40.86222600025295
NaN NaN
-124.0070790014261 40.86528699875213
-124.0084629998517 40.86697099933063
NaN NaN
-124.0210200003378 40.82234399897012
-124.020714999841 40.82112699896283
-124.02034599977 40.8177219989575
-124.0205619996801 40.81605599877989
-124.0199900001179 40.81453299776376
-124.0179020000889 40.81152499936864
-124.0166860000961 40.81035599931844
-124.0162719998193 40.80953099931082
-124.0151029996822 40.80619699883252
-124.0147050001973 40.80373899877993
-124.0149770001838 40.80224299925184
-124.0148279993226 40.8014809988004
-124.0139379997431 40.79956199883281
-124.0116630001164 40.79744599884214
-124.0111040000746 40.79678799901261
-124.0106310002466 40.79575699917409
-124.0105940004367 40.79509099925617
-124.0108189996693 40.79401999788522
-124.0111500001054 40.79356699882121
-124.0105130002459 40.78979199932292
-124.0102060000992 40.78875599930794
-124.0095009995693 40.78737199911073
-124.0084570000039 40.78608099940157
-124.0072259999425 40.78355999885663
NaN NaN
-124.0203220003789 40.95918699916967
-124.0204450004025 40.95840799895861
-124.0213500000507 40.95694499928049
-124.0217380003882 40.95584099881414
-124.0215700001587 40.95473699888061
-124.020534000091 40.95406699927175
-124.018767999379 40.9535019993039
-124.0175859997214 40.95298099881887
-124.0167129998603 40.95244099881085
-124.0157260001964 40.95158899898318
-124.0151379998424 40.95083199882467
-124.0145870001965 40.94969599787539
-124.0145799996255 40.94871299908358
-124.0143199993345 40.9470349993183
-124.0139650004056 40.94621699891147
-124.0133689996556 40.94554199894902
-124.0090539996805 40.9422989992574
-124.0087540001049 40.94182199880588
-124.008744999884 40.94144299936261
-124.0096910004384 40.94072799874886
-124.0103490002143 40.94042099918612
-124.010828999715 40.93944499905425
-124.01041400141 40.93831699903588
-124.0097569996623 40.93766899886145
NaN NaN
-124.0102880001149 40.86784599976846
-124.0117979998356 40.87071699939515
-124.0142070002549 40.8743399988524
-124.0146819997328 40.8748549987674
NaN NaN
-124.0145770001508 40.8749149991762
-124.0158709999614 40.87590399788625
NaN NaN
-124.0160600001072 40.87607499888136
-124.0183769995667 40.87823199919741
-124.0196899996439 40.87984799902355
-124.0204889998852 40.88119499888682
NaN NaN
-124.0740200002296 40.99816099939564
-124.0730100001011 40.99776099928433
-124.0716400001226 40.99749899895011
-124.0702460007529 40.99744499882937
-124.0682850000472 40.99765399878715
-124.0660310003369 40.9981779978601
-124.0653440002487 40.99820899875775
-124.0646379998938 40.99792499880321
-124.0609480000827 40.99406799926044
-124.0590759999638 40.99269500030556
-124.0574130000823 40.99188399911086
-124.0554289998104 40.99042499906049
-124.0533349999337 40.98873400035547
-124.0523359996759 40.98767599927294
-124.0516180014221 40.98738299899416
-124.0516439995647 40.98721099880953
-124.05113500065 40.98660599910201
-124.0484430003735 40.98440199927438
-124.0462719996055 40.98342599898467
-124.0450919995978 40.98230099979307
-124.0436940000301 40.98048899897002
-124.0420509993418 40.97874799920684
-124.040315998592 40.97747799879931
-124.0378509998927 40.97634899912011
-124.036193999859 40.97582599919021
-124.0350399997905 40.97562900028125
-124.0329619998073 40.97563299837488
-124.0318480008201 40.97507299907861
-124.0294360000277 40.97232899899164
-124.0289930003369 40.97141399922906
-124.0287690000309 40.97018599878569
-124.0288100000388 40.96963399900363
-124.0284389994197 40.96916899885122
-124.0277409985625 40.9690199993184
-124.0272340001959 40.9690899990452
-124.0268560008025 40.96933699877674
-124.0266069985855 40.96935399924604
-124.0260850001503 40.96916299874906
-124.0249339995566 40.96727999920098
-124.0237910002571 40.96575599891897
-124.0235090002247 40.96517900039272
-124.0234400006278 40.96436999902809
-124.0231400001538 40.96366799879602
-124.0224220001034 40.96294199928217
-124.0200310001257 40.96099099899369
-124.0198289995611 40.96056499932168
-124.0197800000556 40.95990799895194
-124.0199579994325 40.95926199885636
-124.0203220003789 40.95918699916967
NaN NaN
-124.0209299999261 40.88209299918763
-124.0206119999088 40.88148899890489
NaN NaN
-124.0547369996993 40.90613399896399
-124.0550920004248 40.90485999977473
-124.0549969999903 40.90420499876257
-124.0544839999793 40.90354499888275
-124.0538789999068 40.90292499906536
-124.0527819997397 40.90241899936843
-124.0506019996493 40.90251699909406
-124.049666000039 40.90233099938021
-124.0489359993947 40.90202999939951
-124.0484040000154 40.90143399886993
-124.0481239996329 40.90088399833732
-124.0475239995833 40.898666999029
-124.0470469995574 40.89819599909626
-124.0457009998682 40.89769900027662
-124.0451789996364 40.89665199934684
-124.0444010002099 40.89569399915536
-124.0431969999127 40.894975997834
-124.0423700000823 40.89398299925555
-124.0398309999667 40.88999899885712
-124.0387720003327 40.88890600025688
-124.0365400003637 40.88764499902844
-124.036193999859 40.88718699923713
-124.0357050001375 40.88693199906791
-124.033489000062 40.88635499781166
-124.0325040000479 40.88594499880251
-124.031837999876 40.8855059991909
-124.0310119998706 40.88473100024794
-124.0297469985757 40.88333799911869
-124.0284180004017 40.88250599888197
-124.0255639997434 40.88112899878644
-124.0237730007137 40.88052799785935
NaN NaN
-124.0371683880747 40.91032376454076
-124.0358119993693 40.90829799876965
-124.0329829997237 40.90508099934289
-124.0292860002399 40.90160199935773
NaN NaN
-124.0336380000249 40.91102399926118
-124.0371683880747 40.91032376454076
NaN NaN
-124.0384950003233 40.91230499898979
-124.0371683880747 40.91032376454076
NaN NaN
-124.0371683880747 40.91032376454076
-124.0383047272647 40.91009837581201
NaN NaN
-124.0409599999208 40.91265499884621
-124.0399389999217 40.91284099939301
-124.0387729992593 40.91300399892378
-124.0377239996711 40.9131679993705
NaN NaN
-124.0382430004282 40.90999699897052
-124.0383047272647 40.91009837581201
NaN NaN
-124.0383047272647 40.91009837581201
-124.03919900013 40.90992099899403
NaN NaN
-124.0383047272647 40.91009837581201
-124.039968000234 40.91282999909787
NaN NaN
-124.0387880002263 40.9130099993778
-124.0390970000227 40.91407599898577
-124.0397470003011 40.91502799876447
NaN NaN
-124.0390450001442 40.91507599887517
-124.0423680004325 40.91497099922417
NaN NaN
-124.0666530001278 40.9369389993552
-124.0572749999901 40.92811899879897
-124.0533940003832 40.924653999178
-124.0500760001178 40.921943999313
-124.048091000021 40.92074999919688
-124.0449719999472 40.91915899929864
-124.0424720001896 40.91759899784684
-124.0410810002946 40.91631799887067
-124.0403230000613 40.91528799889063
NaN NaN
-124.0515239999142 40.88449799927765
-124.051236999859 40.88383999781532
-124.047314999346 40.87848499931747
-124.0447269997248 40.87636999838398
NaN NaN
-124.0520000001152 40.88642999937641
-124.0518829999394 40.88518999908339
-124.0515239999142 40.88449799927765
NaN NaN
-124.0662410003992 40.9035689993765
-124.0656499996721 40.9029839990343
-124.0646900006707 40.90238399981922
-124.0612170005946 40.90059399885691
-124.0608090001655 40.90011999927248
-124.0601580000623 40.89888799892125
-124.0585070007747 40.89676899935095
-124.0580619996374 40.89582799920299
-124.0567030004278 40.89446499926382
-124.0527330002343 40.88931899886032
-124.0519390000159 40.8874419991028
-124.0520000001152 40.88642999937641
NaN NaN
-124.05471099976 40.90943499884742
-124.0563850004105 40.91153299892399
-124.0570469985878 40.91211399909164
-124.0579160000476 40.91345899933561
NaN NaN
-124.058056000688 40.91366199885378
-124.0620269998081 40.91868399918041
-124.0643639993591 40.9213629993312
NaN NaN
-124.0590860000096 40.91713599889671
-124.060236999705 40.91865099781207
-124.0621260004407 40.92025599905547
-124.0633929995887 40.92106999782369
NaN NaN
-124.0673209999496 40.85989999885248
-124.0649709999798 40.8590480003339
-124.0616150000795 40.85803999839348
-124.0597969985907 40.85694500038885
NaN NaN
-124.0623690001149 40.95484099911143
-124.0624650003744 40.9536199991383
-124.0622390004186 40.95193199939825
-124.0622870000991 40.95109199920787
NaN NaN
-124.0646559994372 40.92177999891724
-124.0656079998393 40.9228449977958
NaN NaN
-124.0888489999693 40.87958299917871
-124.0877280004111 40.87965399907972
-124.0868439997811 40.87947899933929
-124.0850650004469 40.87845399923394
-124.080256999654 40.87485999874691
-124.0784139998474 40.87337299932863
-124.0772680001748 40.87185299884954
-124.0753940004061 40.86991099914317
-124.0732839997375 40.86821700036033
-124.0715029998553 40.86706999787254
-124.0697129997521 40.8653719977287
-124.0674469994479 40.86404599773745
-124.0655919999458 40.86326699876328
NaN NaN
-124.0659320006027 40.92331499884401
-124.0688909999446 40.92828499785883
-124.0726840005862 40.93345000027998
-124.0749340000986 40.93773599914169
NaN NaN
-124.1190489997721 41.03853099886636
-124.1061070002199 41.02829899914843
-124.1005670000312 41.02435199902505
-124.0957769996799 41.01920499911535
-124.0882220001555 41.01408799934073
-124.0831640000157 41.01129899875553
-124.0814450000577 41.01050599924404
-124.0793179996706 41.01052799915662
-124.0769669998759 41.01006599877194
-124.0758800006529 41.00894099927894
-124.0755209997294 41.00699599891889
-124.0746310001499 41.00521899882127
-124.0720359999577 41.0032159991562
-124.0672819995915 41.00010999882206
NaN NaN
-124.0713190006305 40.86196999898064
-124.0673209999496 40.85989999885248
NaN NaN
-124.0915620001623 40.87216399927642
-124.0905539996836 40.8709249992699
-124.0881640004292 40.8685329993021
-124.0866210001983 40.86749299930075
-124.083428001403 40.86643399883515
-124.0798139999632 40.86486599887981
-124.0765190001623 40.8638829991697
-124.0752810004282 40.8632109988128
-124.0739569995821 40.86225299890167
-124.0727769995743 40.86174200039014
-124.0711959997086 40.86085499929265
-124.0708339993103 40.86052499933157
-124.0692869997798 40.85961899924924
-124.0683650004132 40.85946899914224
-124.0680130000607 40.85953499909527
-124.0673209999496 40.85989999885248
NaN NaN
-124.0770320001733 40.94946999911117
-124.0759169995645 40.94849599924903
-124.0746029996625 40.94687599873944
-124.0724939997171 40.94269400025434
-124.0676409996167 40.93784199885878
NaN NaN
-124.0692419995739 40.86470799832098
-124.0714140001668 40.86508799889916
-124.0733149996997 40.86557799876808
-124.0746670001349 40.86618099885607
-124.0777300001322 40.86713899901263
-124.0788950000713 40.8676769991943
NaN NaN
-124.0732510001256 40.91300899873645
-124.0773169996803 40.91513299900381
NaN NaN
-124.075872000257 40.93969199775858
-124.0743580003384 40.93832399880726
-124.0737009985908 40.93788199928395
NaN NaN
-124.0773739995817 40.99986399907075
-124.0743750000569 40.99854599876112
-124.0740200002296 40.99816099939564
NaN NaN
-124.0743839993794 40.86451099879888
-124.0755609999124 40.86539799916817
-124.0773289993759 40.86606399911623
-124.0785330005714 40.86639099936869
-124.0800730004293 40.86709699930195
NaN NaN
-124.0751790003209 40.93825499928374
-124.0755179993564 40.93877200027414
NaN NaN
-124.07674299957 40.9411919988833
-124.0760150003722 40.93994899787509
NaN NaN
-124.0763869999178 40.94142699937942
-124.078428999916 40.94351799787842
-124.0794349998465 40.94475599876918
-124.0814010005751 40.94733699874057
-124.0834310008777 40.95043999787708
NaN NaN
-124.0765049999186 40.92082599894317
-124.0797770001533 40.92721999909101
-124.0805019998764 40.92828799908908
-124.0810470005727 40.92951399840061
-124.0821010001838 40.93133799914209
-124.0834540004439 40.93341199783611
-124.0859809999657 40.93668400030845
-124.0896659997539 40.94048600029571
-124.0925699997426 40.94308699783839
-124.0949470003749 40.94497500035252
-124.0955459997012 40.94527999879766
-124.0961370004283 40.94584699884662
-124.0968629999764 40.94628299784691
-124.0982389998027 40.94686899783886
-124.0994120001378 40.94764999874673
-124.105137999201 40.95076299879895
-124.1084700006084 40.95313299938648
-124.1131189995961 40.95733600030402
-124.1158819991194 40.95930999939802
-124.1201040001064 40.96330999875755
NaN NaN
-124.0773739995817 40.99986399907075
-124.083522000216 41.0031619989737
-124.0879520007171 41.0062729994013
-124.1012120002867 41.01459899939699
NaN NaN
-124.0777490003988 40.86618799879331
-124.0795770001367 40.86741999931944
-124.0804630004166 40.86782299918913
-124.0862870002875 40.8717659988683
-124.088267999288 40.87340599883852
-124.0896460005608 40.87481199933529
NaN NaN
-124.0782930003719 40.91546499881185
-124.0822340002532 40.91647499919341
NaN NaN
-124.0832080003966 40.91677199896996
-124.085349000129 40.91760499924139
-124.0873850002794 40.91802199877817
NaN NaN
-124.0833649998571 40.97973899876
-124.0863940004175 40.98262499900512
-124.0880919995609 40.9836509978764
-124.09035899969 40.98547099904551
-124.1013500003789 40.99287499926726
-124.1050639995811 40.99607199901683
-124.1062899996197 40.99672599914624
-124.1083949993671 40.99755899925831
-124.1106249996862 40.99892799921442
NaN NaN
-124.0922279994358 40.95985899891316
-124.0875129994277 40.95474699897516
-124.0844539996283 40.95110399930525
NaN NaN
-124.1129799996789 40.99395399889645
-124.1119679999006 40.99309399918327
-124.1115710002406 40.9923949991359
-124.1105710001579 40.99132799932158
-124.1084110001589 40.98951399938715
-124.1062539996346 40.98797899873347
-124.1021429998741 40.98594099929088
-124.1010340000114 40.98523799913486
-124.099033999846 40.98375299883906
-124.0975280003233 40.98215199940139
-124.0969130002051 40.9817749987502
-124.0871989996083 40.97399499880051
-124.0851860008207 40.97267199880071
-124.0851380002418 40.97245699784958
NaN NaN
-124.0997440003988 40.92385699836394
-124.0994580001685 40.92354799884799
-124.0943120001651 40.92074599913636
-124.0924910000999 40.91987199877497
-124.0881150000254 40.91813699922134
-124.0877450001295 40.91807399897382
NaN NaN
-124.0896859998454 40.87484400030545
-124.0905919993185 40.87662299882822
NaN NaN
-124.0909310001505 40.9595679990828
-124.0934219996873 40.96119699875648
-124.0952469999505 40.9622099991879
-124.0990320001962 40.9640249990587
NaN NaN
-124.0962610002769 40.96385999878972
-124.0993190002514 40.96457299883777
-124.1017470000389 40.96567999930636
-124.1054909993784 40.96770399931459
NaN NaN
-124.0999929999208 40.96438899914708
-124.0993409999927 40.96415599938138
NaN NaN
-124.099919000301 40.92395899876344
-124.1008189999263 40.92477999928695
NaN NaN
-124.100500000084 40.96409799893921
-124.1017520000618 40.96438799928377
-124.1032910000948 40.96502399883333
-124.1050229995733 40.96596799912508
-124.1060100001355 40.96664899883347
-124.1087630014097 40.96931899783624
-124.1115500003242 40.97157099885304
NaN NaN
-124.1011979991446 40.92515699907245
-124.1015319999538 40.92553399874345
-124.1029780001003 40.926170999058
-124.1038699993297 40.92678299938365
NaN NaN
-124.1100820004363 40.92517499915967
-124.108478999931 40.92445599910322
-124.1067430002545 40.92346299924176
-124.1031570002005 40.92181699939802
NaN NaN
-124.1040259998636 40.92695399920016
-124.1052710001687 40.92850099785917
NaN NaN
-124.1053500007097 40.92862900026612
-124.1057819996315 40.9292139990381
-124.1079569996991 40.93109299776174
-124.11067400009 40.9328499992877
-124.1132240000764 40.93492999920077
-124.1140950002876 40.93630999929255
-124.1144930006709 40.93724399894485
-124.1156499993158 40.93893299779009
NaN NaN
-124.1245910014072 40.94187899893866
-124.1216070001543 40.9387499988129
-124.1201960001679 40.93755199929286
-124.1153089997323 40.93374499777432
-124.1123379997965 40.93163400031813
-124.1111350002225 40.93053799908655
-124.1072069998617 40.92832299782206
-124.1063199997569 40.92734199939722
NaN NaN
-124.1073130001669 40.93416599923735
-124.1108959998479 40.93549600026081
-124.1124059995686 40.93668999929136
-124.1136490002238 40.93816799975231
-124.1153579992378 40.93987999937048
-124.1159390008174 40.94077599919475
-124.1167799999932 40.94261099919988
NaN NaN
-124.1081750001573 40.96817899903294
-124.1129199994044 40.96980199774521
-124.1170469999569 40.97080799931492
-124.1185259997154 40.97102499906093
NaN NaN
-124.1334640001333 40.93449999908429
-124.130437999946 40.93395199940277
-124.1271520003659 40.93282999925123
-124.1243050002787 40.93170399897169
-124.120632000186 40.92991299934476
-124.1191799992933 40.92954199917656
-124.1182300003377 40.92907099925853
-124.1151160002867 40.92689099921211
-124.1131499995582 40.92575699933686
-124.1100820004363 40.92517499915967
NaN NaN
-124.1116709997997 40.97167000024695
-124.1127110000654 40.97255799874961
-124.1130949993066 40.97303899922198
NaN NaN
-124.1132990004194 40.97325399895473
-124.1156200000769 40.97533899915057
NaN NaN
-124.115831999789 40.97547399885328
-124.1167299997645 40.97622599877295
NaN NaN
-124.1168879999482 40.94285199782026
-124.1187080001885 40.94655100024848
-124.1192689998801 40.94828499934511
-124.1199910001285 40.95071399875654
-124.1209019996244 40.95617399897115
-124.1217059998885 40.95832199879503
NaN NaN
-124.158759999782 41.0603179993555
-124.1430599998311 41.0510019993448
-124.13362700034 41.04319199895203
-124.1286759994319 41.03860799930691
-124.1230760007654 41.0346369989071
NaN NaN
-124.1275559996986 41.04923699873584
-124.1281950001063 41.04979299901398
NaN NaN
-124.12835300029 41.04990699896337
-124.1287949992576 41.05030499833145
NaN NaN
-124.1684180003023 41.05010799912385
-124.1451159991746 41.02241399921881
-124.1286769992568 41.00714300032573
NaN NaN
-124.1303789985981 41.05176400029146
-124.1289009995628 41.05044599912149
NaN NaN
-124.1304680000832 41.05185999877655
-124.1342290000394 41.05560199876164
NaN NaN
-124.1587799998735 41.01046999881662
-124.1552159995608 41.00366099900079
-124.1498650004163 40.99630499929066
-124.1434379992245 40.98894499911138
-124.1334569995623 40.97423399873476
NaN NaN
-124.1343210001009 41.05571099896309
-124.1351839999163 41.05657099894151
NaN NaN
-124.1352969998942 41.05673099909905
-124.1367029998577 41.05852199914028
NaN NaN
-124.1360590003255 40.99945499903671
-124.1391030000562 41.00094799881689
-124.142619999615 41.00355299932073
-124.146766000434 41.00813299897631
-124.1496380006356 41.01098099914376
-124.1550499998795 41.01852399916493
-124.171790999921 41.0388119990178
-124.1786600000804 41.04562100031681
-124.189138999685 41.05187799885799
-124.1926059999133 41.05307699940188
-124.1995179997303 41.05421599895795
-124.2112600000817 41.05500599895954
-124.2253610006236 41.05628399912747
-124.2411369998442 41.06092899881624
NaN NaN
-124.1371820004318 41.05902399840131
-124.1367840000486 41.05862599894562
NaN NaN
-124.1373020000824 41.05914299887202
-124.1385429992913 41.06043499931692
NaN NaN
-124.1391239999726 41.06145499935158
-124.1386029995657 41.06057199900145
NaN NaN
-124.1391919997447 41.06156599882525
-124.1397189999994 41.06196199930222
-124.1413179994085 41.06240299887443
-124.1424099995527 41.063013999285
-124.1426239998129 41.06365999886314
-124.1424919995685 41.06422899937418
NaN NaN
-124.1406099994038 41.06233499880912
-124.1423169996663 41.0641189993593
NaN NaN
-124.1433409991401 41.06528599878322
-124.1424730002002 41.06431199911584
NaN NaN
-124.1434309995518 41.06538999872974
-124.1449910003995 41.06727299838351
-124.1467139996571 41.06884699915612
-124.1479160003045 41.07021799784211
NaN NaN
-124.1447930000327 41.06715499873677
-124.1443599985911 41.06897899873652
-124.1445129996503 41.0697219991218
-124.1449989998971 41.07016799890263
-124.1466330003646 41.07099599938713
NaN NaN
-124.1450579994483 40.96425899915219
-124.1494950014188 40.97081599879941
-124.1509390001189 40.98413999874312
-124.1536000004333 40.98866099925323
-124.1604249993134 40.99318999914929
-124.1672600000359 40.99546099883072
-124.1788520005993 40.99841699897948
-124.1886559998112 41.0029479990706
-124.1966710014398 41.00950899928594
-124.204985999949 41.01494099919164
-124.2159859999605 41.01879499876049
-124.2234219996592 41.01993499898427
-124.2356179995719 41.02243399922128
NaN NaN
-124.1493610006262 41.07200999928633
-124.146802000419 41.07106699877723
NaN NaN
-124.1500329997475 41.07224099928619
-124.1493790001695 41.07189599904007
-124.1479780002288 41.07031599773916
NaN NaN
-124.1501370004029 41.07230999884726
-124.1514820002671 41.07281199783174
NaN NaN
-124.1516440006488 41.07286599914538
-124.1552379993021 41.07433899890932
-124.156171000336 41.07501999911872
NaN NaN
-124.156347999888 41.07519499891716
-124.1565139995693 41.07568599933166
NaN NaN
-124.1964299996187 41.13305999890798
-124.1880249997994 41.12294599920794
-124.1797990000803 41.11180299881389
NaN NaN
-124.1978580002219 41.13632699782207
-124.220405000591 41.15855899781005
-124.2406099995895 41.17515299935611
-124.2714339997314 41.19769599934696
-124.2841979999067 41.20745799901579
NaN NaN
-124.2447229998983 41.06229400027971
-124.2639770001163 41.07552199840258
-124.270642999886 41.08338699928981
NaN NaN
-124.3483119996127 41.3078519990059
-124.3472320000624 41.30268299920138
-124.3421930001891 41.29452000036754
-124.3321169991941 41.28336299915421
-124.32564199922 41.27519999886892
-124.3137900001622 41.24227699931973
-124.3094829996847 41.2308479991328
-124.3015800000058 41.22050499932999
-124.287206998579 41.20934099784747
NaN NaN
