-124.4011140000362 40.24143699786981
-124.4076149999495 40.24416399910789
-124.421507000254 40.25157999932215
-124.4633749998899 40.2723489991085
-124.4876649996081 40.28393199932206
NaN NaN
-124.4946039991894 40.28714699881883
-124.5121379996244 40.29337499940535
-124.5236160003851 40.29785699905596
-124.5498359999485 40.30892499910576
-124.5574230001583 40.31229799916175
-124.5743089999648 40.31836799911856
-124.5838180014205 40.32073399875659
-124.6045580001714 40.3254469992307
NaN NaN
-124.6139809996167 40.3292109991758
-124.6274250002076 40.33548199907854
-124.6363289997941 40.34048599884403
-124.6456719997718 40.34614099835042
-124.6582960002051 40.35505199980232
-124.6648159985884 40.35909399873595
-124.6847900003032 40.3699829988218
-124.6910790014027 40.37295899780764
NaN NaN
-124.6910790014027 40.37295899780764
-124.6960550006285 40.37454999903149
-124.7081499993606 40.37705299940958
-124.7189419998579 40.37891199888014
-124.7553639999147 40.3813199993013
-124.7689230001333 40.38101099933654
-124.8294180001734 40.38086099909509
-124.8601999995841 40.38053399927239
-124.9017479995528 40.38025599938431
-124.9540600004298 40.38002900025943
-124.9635439999745 40.38074999935831
-125.0030169994348 40.38559299938711
NaN NaN
-125.0030169994348 40.38559299938711
-125.0190779999591 40.38698499904184
-125.0662840001173 40.39075800039885
-125.0845840002834 40.3907279991078
-125.1136279985712 40.38974999786866
NaN NaN
-125.2630149997288 40.37831600034433
-125.2393700002661 40.37520199938006
-125.1885280007234 40.37062799883155
-125.1448009995908 40.36214899937755
-125.1103510001103 40.35085599880288
NaN NaN
-125.8406269995843 40.41282699889229
-125.8052389999454 40.41435899883647
-125.7759060001559 40.41471299894492
-125.7383269996576 40.41433400025576
-125.6953690004256 40.41318099885286
-125.6735049999468 40.41123200032668
-125.6452189991974 40.41017099898868
-125.6284010000613 40.41007699911106
-125.6005079996722 40.41091899877819
-125.5722510001335 40.41148399926335
-125.5446660006144 40.40956899927598
-125.5138859999552 40.40904799874205
-125.4651839994217 40.40649399884348
-125.4046830004322 40.40429699895061
-125.3398320004091 40.39799299933706
-125.3194149999018 40.39623999830732
-125.3025880014431 40.3952769991055
-125.2643080006128 40.39529599930253
-125.2532049997708 40.39428299918173
-125.2335029998392 40.39223499924373
-125.2084490000399 40.39131699940906
-125.1783880001543 40.39042799777808
-125.1504770002219 40.38979099887955
-125.1286529999261 40.38965599889456
-125.1136279985712 40.38974999786866
NaN NaN
-125.6024589994339 40.41994099924602
-125.6407369997161 40.41926099930868
NaN NaN
-125.7119149995752 40.41765199880373
-125.7322690003333 40.41549999940892
NaN NaN
-126.3832259997196 40.41303899883344
-125.9868160001271 40.42186699901288
-125.9721110002359 40.42042499886031
-125.943451000291 40.41889499931722
-125.9230370001568 40.41806899917593
-125.9040479993543 40.41694799922678
-125.8836220004228 40.4155689990611
-125.8671750001091 40.41605399926845
-125.8574799997789 40.41453299896018
NaN NaN
