-123.7900200000975 40.27836099884249
-123.7881439997806 40.27783099902013
-123.7867359992689 40.27723999915514
-123.7804290004226 40.27317099888631
NaN NaN
-123.7925159996571 40.27847099929362
-123.7900200000975 40.27836099884249
NaN NaN
-123.8301659994023 40.30489799901093
-123.8270959997323 40.30144599891182
-123.8242670000867 40.29882899783919
-123.8215980002747 40.29674899930725
-123.8107720003405 40.28890899927317
-123.7980689993663 40.2805389992746
-123.7947789995882 40.27863999923931
-123.7939190001459 40.27840499877027
-123.7925159996571 40.27847099929362
NaN NaN
-123.9070979997103 40.39382899892453
-123.8989389999384 40.38788899916658
-123.8937660001708 40.38474399911339
-123.8918869985825 40.38385500035703
-123.8869620003087 40.38238199936878
-123.8806239997037 40.3796599990519
-123.8775659997293 40.37770099890807
-123.8710690000139 40.37456199928381
-123.8688740007531 40.37319699879368
-123.8632149998404 40.36802299936154
-123.8607069996869 40.36647999934236
-123.858589000419 40.36487599932715
-123.8563110004193 40.36285399776728
-123.8510339999963 40.35666399901181
-123.8470989999628 40.3524389993762
-123.8429409994482 40.34940999928737
-123.8375340002272 40.34614599902284
-123.8352600004254 40.34460199778933
-123.8285779998638 40.33817799931705
-123.8247320004171 40.33520699886898
NaN NaN
-123.8574179997338 40.33722400030547
-123.8568529998443 40.33501599932635
-123.8559069992899 40.33376499918
-123.8529160001609 40.33037199929768
-123.8503909993907 40.32685799913216
-123.848107999368 40.32429899883481
-123.8463039999195 40.32305199904065
-123.8439549997747 40.32180699939201
-123.8415300003601 40.32086099876032
-123.8366019999166 40.31914899940917
-123.8345709997891 40.31862000026535
-123.8316319996403 40.31816299916344
-123.8290349997983 40.31718199898145
-123.8280579992818 40.31656599874998
NaN NaN
-123.8657249996437 40.34208799783057
-123.8632189991401 40.34078399930624
-123.8574179997338 40.33722400030547
NaN NaN
-123.8837029995945 40.36578899889891
-123.8815769999307 40.36328799906399
-123.8792959995579 40.36096799882986
-123.8750440002303 40.35614699898868
-123.8727679998804 40.3543649991888
-123.8719030004152 40.35353099875053
-123.8706370001938 40.35138599878249
-123.8682490005891 40.3456019991407
-123.8673779985812 40.34399299932051
-123.8657249996437 40.34208799783057
NaN NaN
-123.89913800013 40.33803699902504
-123.8898140004188 40.3325209990142
-123.884716000096 40.32907699888355
-123.8779800000061 40.32540099932428
NaN NaN
-123.8894800014063 40.37586099839324
-123.8875840000997 40.37300099933095
-123.8837029995945 40.36578899889891
NaN NaN
-123.916516999856 40.34620999924405
-123.9040830002919 40.34172099908286
-123.9024379999538 40.34083099934856
-123.89913800013 40.33803699902504
NaN NaN
-123.9261810002241 40.40067899918566
-123.9237559999112 40.39979299780985
-123.9181980001792 40.39724799878579
-123.9163210000375 40.39659899897746
-123.9146810006204 40.39624699910858
-123.9131989995906 40.39613399898594
-123.912183001411 40.395898998953
-123.9097590000247 40.395012998982
-123.9085089996968 40.39471899831045
-123.9070979997103 40.39382899892453
NaN NaN
-123.9329390000554 40.40692399929072
-123.9311269993127 40.4047209992351
-123.9295459994469 40.40215899901169
-123.9286039999888 40.40144600031511
NaN NaN
-123.9601920002118 40.40257099903263
-123.9574480000567 40.40096899926033
-123.9518939996243 40.3987819993366
-123.947439999732 40.39754499925537
-123.9461069995634 40.39665499891129
-123.9434450003224 40.39535199895182
-123.9404719998385 40.39422899912766
-123.9309220001715 40.38978899894767
NaN NaN
-123.9520879997931 40.41240099911397
-123.9353609999952 40.40751099873545
-123.9329390000554 40.40692399929072
NaN NaN
-123.9627300014009 40.416896999287
-123.9587969992206 40.4128509987514
-123.9561989995537 40.40987499882799
-123.9521749998317 40.40427599837182
-123.9499679999771 40.40153699884887
-123.9477669999702 40.39939600037196
NaN NaN
-123.9555290000822 40.41358199893694
-123.9520879997931 40.41240099911397
NaN NaN
-123.9598329992883 40.41547499920028
-123.956780000235 40.41399499874977
-123.9555290000822 40.41358199893694
NaN NaN
-123.9766360001524 40.4201259990957
-123.974055000204 40.41918099938717
-123.9725699996994 40.41882799940963
-123.9692139997991 40.41836399897388
-123.9627300014009 40.416896999287
-123.9610879996391 40.41630699784392
-123.9598329992883 40.41547499920028
NaN NaN
-123.9669280003018 40.4061869989034
-123.9669199999059 40.40523099888174
-123.9666769993333 40.40415699884449
-123.9657330002254 40.40326499881611
-123.9647160004243 40.40279099936598
-123.9632319997445 40.40255799886297
-123.9615939999774 40.40244599919147
-123.9601920002118 40.40257099903263
NaN NaN
-123.9669280003018 40.4061869989034
-123.9631689999954 40.40429099907905
-123.9601920002118 40.40257099903263
NaN NaN
-123.9673979997567 40.40648399892765
-123.9669280003018 40.4061869989034
NaN NaN
-123.9833139996178 40.41699199774908
-123.981119000357 40.41550799881716
-123.9800979985613 40.414675999185
-123.9791530014251 40.4135739992998
-123.9753180000525 40.41188799913972
-123.9734380004359 40.41081999928343
-123.9691270006588 40.40808999892774
-123.9673979997567 40.40648399892765
NaN NaN
-123.9820320004011 40.42207499919681
-123.9800799999163 40.42178399927285
-123.9783589994101 40.42107499926477
-123.9766360001524 40.4201259990957
NaN NaN
-123.9882789998712 40.42306499912121
-123.9864810002705 40.42253499937119
-123.9820320004011 40.42207499919681
NaN NaN
-123.9893939995817 40.42126699898232
-123.9833139996178 40.41699199774908
NaN NaN
-123.9938729995883 40.42537099901353
-123.9882789998712 40.42306499912121
NaN NaN
-123.9938729995883 40.42537099901353
-123.9893939995817 40.42126699898232
NaN NaN
-124.0223740004228 40.43987699911342
-124.0208850006186 40.43929800035496
-124.0102790007924 40.4333419987688
-123.9999780005648 40.42815299924472
-123.9958319997458 40.42649799874075
-123.9938729995883 40.42537099901353
NaN NaN
-124.0653030002408 40.45613699880536
-124.0628749995549 40.45527199876679
-124.0607639999597 40.45469899880494
-124.0591229998195 40.45435999909644
-124.0570180000721 40.45420299937182
-124.0545190001394 40.45375399890099
-124.0518570000001 40.45282999916237
-124.0439409999023 40.44964199872744
-124.0407959998893 40.44771199882165
-124.0355350002582 40.44491199934648
-124.0322340006095 40.44298399937984
-124.0223740004228 40.43987699911342
NaN NaN
-124.1090789999806 40.47679199923166
-124.1078260001779 40.47632899875786
-124.1067239999879 40.47562699932107
-124.1019920002613 40.47175099934325
-124.0977299999897 40.46804899881482
-124.0918190000802 40.4634709987542
-124.0885960002493 40.46154199886937
-124.0857779995761 40.46061999880236
-124.0811719993479 40.45989499898185
-124.0766489998586 40.45958599883071
-124.0738310000837 40.45866399925833
-124.0682780003745 40.45711799905116
-124.0653030002408 40.45613699880536
NaN NaN
-124.1118199997626 40.47777399885773
-124.1090789999806 40.47679199923166
NaN NaN
-124.1776669996704 40.49527799909486
-124.1769639996886 40.49510699922899
-124.1704949995623 40.49487899872992
-124.1669860003995 40.49461899922871
-124.1615070003102 40.49283299780109
-124.1579820003555 40.49150199884999
-124.1556309996625 40.49051499898971
-124.1513140000376 40.48835999876726
-124.1484159998967 40.48725999906814
-124.1466959992155 40.48686199976625
-124.1341980000773 40.48455699903396
-124.1324760006445 40.48397999840433
-124.1268259999527 40.48118400027161
-124.1237770001991 40.48044299923098
-124.1190920003281 40.47965999903645
-124.1130729995653 40.47823699893292
-124.1118199997626 40.47777399885773
NaN NaN
-124.1338599999685 40.47260099921905
-124.1281790002128 40.47289999934267
-124.1259210003045 40.47292399894748
-124.1228030000556 40.47271899885777
-124.1203019995748 40.47215099893678
-124.1184989999512 40.47139600039062
NaN NaN
-124.146983000169 40.47507899933783
-124.1409519997106 40.47288299938961
-124.1387659997724 40.47254899935876
-124.1377530001692 40.47250099918912
-124.1338599999685 40.47260099921905
NaN NaN
-124.1518379999192 40.47675299938278
-124.1491010003352 40.47600799911145
-124.146983000169 40.47507899933783
NaN NaN
-124.1814770000304 40.48464799922747
-124.1699619985615 40.48036700030868
-124.1679370000784 40.48038899932229
-124.1665319999397 40.48016599898613
-124.1518379999192 40.47675299938278
NaN NaN
-124.1860990001522 40.49661599889103
-124.1795429999873 40.49567399883686
-124.1776669996704 40.49527799909486
NaN NaN
-124.1860270001822 40.48673999877293
-124.1814770000304 40.48464799922747
NaN NaN
-124.2067099999299 40.50141499883255
-124.2040860003238 40.50117999778732
-124.1997660003258 40.50057499930191
-124.1949380003397 40.49907999920584
-124.1933690001695 40.49838299891093
-124.1910219996745 40.49763399933198
-124.1875820001086 40.49677899902593
-124.1860990001522 40.49661599889103
NaN NaN
-124.2212840002999 40.50449699881192
-124.2206869997249 40.50367299931708
-124.2193250001423 40.50303999900917
-124.2177979998049 40.5026029978146
-124.2106059996054 40.50202399932623
-124.2067099999299 40.50141499883255
NaN NaN
-124.2527240003848 40.51563199884899
-124.2513790014189 40.51609599977863
-124.2496920003496 40.51630499903951
-124.24766500042 40.5163879988234
-124.2455470002539 40.51602099937201
-124.2404550006771 40.51458399906198
-124.2337389997803 40.51199899975055
-124.2312750000078 40.5111829978065
-124.2290630001302 40.51016999886953
-124.2261620014129 40.5084539987456
-124.2239410004163 40.50692600027927
-124.2220580004268 40.50539399928269
-124.2212840002999 40.50449699881192
NaN NaN
-124.2781020000493 40.5053249989368
-124.2769170000187 40.50479599893566
-124.2749479998154 40.50427499931758
-124.2640120002763 40.50233899887242
-124.2574100000807 40.50162099873449
-124.2519859993446 40.50089099884373
-124.2470349993349 40.50045699876271
-124.2428750000688 40.5003159993629
NaN NaN
-124.2542079992679 40.5151069988026
-124.2527240003848 40.51563199884899
NaN NaN
-124.2561499997069 40.51419299874939
-124.2542079992679 40.5151069988026
NaN NaN
-124.2626849999555 40.51174199925115
-124.2593330002532 40.51260999877175
-124.2579329992391 40.51315999932952
-124.2561499997069 40.51419299874939
NaN NaN
-124.2694019997789 40.51102299881874
-124.2656490002186 40.51117699927707
-124.2642440000799 40.51136899907816
-124.2626849999555 40.51174199925115
NaN NaN
-124.2810470000458 40.51019899890826
-124.2759639997916 40.51036499778168
-124.2712010001029 40.5109470003781
-124.2694019997789 40.51102299881874
NaN NaN
-124.3247249998763 40.5063919988616
-124.3206020004202 40.50786399907333
-124.3183369999409 40.50812399778583
-124.3135659998562 40.50822799903761
-124.3089650014475 40.50922599879161
-124.3059950004383 40.5094329991872
-124.3013089998441 40.5099539983514
-124.2991279999287 40.5105709988816
-124.2956909998376 40.51096099927057
-124.2935790004175 40.51098099875654
-124.2854280001431 40.51015899878094
-124.2810470000458 40.51019899890826
NaN NaN
-124.3286289999477 40.51077899909811
-124.3269560000204 40.50888199889211
-124.3247249998763 40.5063919988616
-124.3225740000982 40.50390199927887
-124.3180530002588 40.49993899902286
NaN NaN
-124.3319699997793 40.50784899893298
-124.330962000199 40.5083959978294
-124.3289319998964 40.50871299936325
-124.3269560000204 40.50888199889211
NaN NaN
-124.3391239994457 40.52493499911052
-124.3361520005833 40.52012199910514
-124.3328769999756 40.51578899904905
-124.3286289999477 40.51077899909811
NaN NaN
-124.3343859998713 40.50722899884769
-124.3333679993469 40.50717799910328
-124.3325899999204 40.50742399879834
-124.3319699997793 40.50784899893298
NaN NaN
-124.3459930014017 40.50885499877365
-124.3433239997931 40.50834199923938
-124.3407369999969 40.50800699883141
-124.336036999159 40.50769199926601
-124.3343859998713 40.50722899884769
NaN NaN
-124.3479500001128 40.50895699977107
-124.3473249999488 40.50902299872681
-124.3459930014017 40.50885499877365
NaN NaN
-124.3511640006212 40.50928599878399
-124.3499069997222 40.50893899880285
-124.3479500001128 40.50895699977107
NaN NaN
-124.3531260002534 40.50962699898454
-124.3520299999113 40.50957699890739
-124.3511640006212 40.50928599878399
NaN NaN
-124.3605579997542 40.51451799874997
-124.3531260002534 40.50962699898454
NaN NaN
-124.3640619997925 40.5184309991077
-124.3626219985954 40.51641199926832
-124.3615069997833 40.51516699899646
-124.3605579997542 40.51451799874997
NaN NaN
-124.3672399994175 40.52144999921371
-124.3663690001045 40.52079999928626
-124.3647000003752 40.51920199926937
-124.3640619997925 40.5184309991077
NaN NaN
-124.3725810003129 40.52277599888794
-124.3702210002973 40.52195999904094
-124.3689650001216 40.52167300029172
-124.3672399994175 40.52144999921371
NaN NaN
-124.3855680000709 40.52755699924977
-124.3725810003129 40.52277599888794
NaN NaN
-124.5626600003983 40.68347699923748
-124.5338640000109 40.66341999874238
-124.5233430005736 40.65616499894015
-124.5202610003097 40.65422099938886
-124.5144299998679 40.65164599893895
-124.5078159999766 40.64907699979458
-124.5055379999769 40.64849899896263
-124.4980799996385 40.64695499892715
-124.4954090001767 40.6462619992031
-124.4909450002387 40.64606399893395
-124.4885130002532 40.64566799935974
-124.4868600004174 40.64502499908755
-124.4853580001944 40.64408299876741
-124.4836159997718 40.64272399928784
-124.4819410001947 40.64070699888027
-124.4799410000293 40.63791699890805
-124.4783240001785 40.63452500027986
-124.4748310000109 40.62636899879018
-124.4693619999673 40.61685599907636
-124.4664219999937 40.6090539988754
-124.4614070004099 40.59852099911154
-124.4592330001672 40.59459699917206
-124.4555500000288 40.5893109989405
-124.4526759992791 40.58569199895831
-124.4481480006652 40.58130999787968
-124.4434520000253 40.57627299905465
-124.4344869994411 40.56840699925291
-124.4281200003203 40.56159199936602
-124.4194750003015 40.55414100032024
-124.4158150006277 40.55034899920836
-124.4071300004259 40.54032899897834
-124.3990220007075 40.53227499939226
-124.3942969997553 40.52780299928847
-124.3896319999758 40.52432499872911
-124.3849840008131 40.52196199913973
NaN NaN
-124.5238680002801 40.65974599891067
-124.5124670004107 40.65620499907938
-124.5101120004181 40.65574899879665
-124.5053329999375 40.65543399975378
-124.5009500001903 40.65535399920834
-124.4929709994451 40.65548699923598
-124.486546000598 40.65494999938421
-124.4845050004247 40.65454899915714
-124.482612999316 40.65360999905324
-124.4801560001145 40.65166099890246
-124.4768969994003 40.64840399895178
-124.4747420003225 40.64573399922475
-124.4732090001373 40.6427599988273
-124.472226999598 40.63995999886435
-124.4712170003678 40.63542699884574
-124.4708990003505 40.63016999889383
-124.4700969997362 40.62390199885166
-124.4692740001038 40.62127999895615
-124.4670949998383 40.6169959997464
-124.4636739996407 40.60842199889153
NaN NaN
