-123.7485540001445 40.06040899908633
-123.746833001435 40.05934399916918
NaN NaN
-123.8028839998319 40.09947099934462
-123.8012420007651 40.09846399877593
NaN NaN
-123.8314080002326 40.46811899904996
-123.8246129996931 40.46587899975971
NaN NaN
-123.8301050002012 40.47062999908679
-123.8254190014037 40.46909799896936
NaN NaN
-123.831353999806 40.47092299902404
-123.8301050002012 40.47062999908679
NaN NaN
-123.837128999273 40.4722119990515
-123.831353999806 40.47092299902404
NaN NaN
-123.8325030007499 40.468650999273
-123.8314080002326 40.46811899904996
NaN NaN
-123.8371149999276 40.4705999978712
-123.8325030007499 40.468650999273
NaN NaN
-123.8400990002822 40.47345299876449
-123.837128999273 40.4722119990515
NaN NaN
-123.8943729998931 40.49966299935843
-123.888266000165 40.49592999933071
-123.8827780007532 40.49159699915113
-123.8774519999264 40.48803799904472
-123.8662600002944 40.48169899902443
-123.8575869997882 40.4784529990815
-123.8471240000772 40.47527299939691
-123.8431450005611 40.4744539991012
-123.8400990002822 40.47345299876449
NaN NaN
-124.0928839995619 40.57529199875633
-124.0918409998215 40.57498899880528
-124.0890889992705 40.57459499938156
-124.0886930003337 40.57435899872996
-124.0834970001016 40.57320799874625
-124.0820819999172 40.57304199927631
-124.0808259997415 40.57305299927862
-124.0786330001305 40.57325300030732
-124.0762789999628 40.57327499887602
-124.0728190003055 40.572766999314
-124.0664430000656 40.57138699929724
-124.0620399993286 40.57076899878267
-124.0589710003818 40.57013799887966
-124.0566819996131 40.56925999905346
-124.0521709998195 40.56672499927506
-124.0473269999398 40.56305499935665
-124.0432100003315 40.56063499911907
-124.0408409991968 40.55969799880404
-124.0390280004258 40.55911599979879
-124.0370589993242 40.55865499936892
-124.0326539998357 40.55785599923851
-124.0313930014337 40.55750799899294
-124.0291769995616 40.55626999894498
-124.0240130000149 40.55218299897931
-124.020052999867 40.54976299889054
-124.0188660001866 40.54911499778707
-124.0176040001631 40.54870699905805
-124.0161789999329 40.54788099888292
-124.0137159999852 40.5458659989382
-124.010464999667 40.5437389993636
-124.0084099992499 40.54267899774246
-124.0041460002268 40.54097999939489
-124.0017789996403 40.5401629978399
-124.000366000004 40.54005599934324
-123.9940910000465 40.54017399914949
-123.9926750000372 40.53988699920667
-123.9904630001597 40.538948999226
-123.989129999991 40.53896199896101
-123.9875679985952 40.53939499888219
-123.9857809997634 40.54055099924923
-123.9832800001809 40.54117199917163
-123.9808399997995 40.54065599877975
-123.9798909997704 40.54018399897309
-123.9787129994125 40.54007599902418
-123.9768949997202 40.53919399895466
-123.9736360008026 40.53646699897543
-123.9724269995843 40.53450099883014
-123.9705910003487 40.53242099899837
-123.9700359996066 40.53206599939772
-123.9669689994113 40.53161499887743
-123.9628749993692 40.53069399880508
-123.9589320007364 40.52935199902743
-123.9546079996422 40.52879199936873
-123.9539780003536 40.52861799940462
-123.9529499997835 40.52808799918679
-123.9497739998083 40.52565999917751
-123.9489820001381 40.52518799888133
-123.9466909997195 40.5242499993344
-123.9439310005692 40.52331699875651
-123.9402009996768 40.52059599902233
-123.9380640001424 40.51941699893261
-123.9354599997294 40.51842199784711
-123.9342730000489 40.517773998831
-123.9161789997472 40.50960999877125
-123.9080209998001 40.5046519978294
-123.9065980001182 40.50394600031243
-123.9019430003844 40.50225099876642
-123.8974230003699 40.50108299940339
-123.8943729998931 40.49966299935843
NaN NaN
-123.9286039999888 40.40144600031511
-123.9261810002241 40.40067899918566
NaN NaN
-123.9667510007497 40.52757699924778
-123.9689769999727 40.52829899920756
-123.9714169985575 40.52885499910303
-123.9807280014431 40.53008999919965
NaN NaN
-123.9814310014249 40.53016599915554
-123.9852760001484 40.53066699927693
NaN NaN
-123.9851680001934 40.53070899929684
-123.9906890001155 40.53140099898873
-123.9988529999103 40.53182099886497
-124.0013979998738 40.53220999898357
-124.0035670000936 40.53268499899373
-124.0050930006061 40.53357899929073
-124.006669000449 40.53414199917226
NaN NaN
-124.006885000359 40.53418099911983
-124.0095469996 40.53514700029216
NaN NaN
-124.0094400003682 40.5351889988695
-124.0124380000682 40.53693599920867
NaN NaN
-124.0129189993938 40.53731599889973
-124.0135589996264 40.53757699893377
NaN NaN
-124.0143560002178 40.53786799914612
-124.0168409999068 40.53887799900065
-124.0216799997635 40.54060299897879
-124.0272089991833 40.54292099929659
-124.0334499997039 40.54525399786859
NaN NaN
-124.0236299997003 40.54231899881139
-124.0244819996449 40.54302899875454
-124.0245300002238 40.54326899889865
-124.0254979996212 40.54388699937339
-124.0258559998215 40.54529899911147
-124.0263579999618 40.54616499887619
-124.027009000065 40.54678599931301
-124.0293349997454 40.54783299936116
-124.0306689997389 40.54874399873579
-124.0313879996143 40.54897300038184
-124.033853999935 40.54944299972759
-124.0344269993221 40.55006599974521
-124.0366180001815 40.54927299940104
-124.0373739998668 40.54944099908381
-124.0377380008132 40.54970599888068
-124.0381329999251 40.54963799975149
-124.0389670003264 40.5497439993477
-124.0396080003839 40.5500049987395
NaN NaN
-124.0335769999255 40.54526599906762
-124.0403929985848 40.54795799913894
-124.0416009999783 40.54863099897333
-124.0440470002076 40.54967400030287
-124.0536739998674 40.55532799881576
NaN NaN
-124.0456320002713 40.54074199877974
-124.0470239999912 40.54098799888458
NaN NaN
-124.0479010000502 40.54121499885419
-124.0529500008675 40.54205999900191
NaN NaN
-124.0533059996214 40.54215499936988
-124.0558110003002 40.54261099898758
-124.059366000392 40.54372399905843
NaN NaN
-124.0625459996669 40.56095299772807
-124.0602500001238 40.55966699936923
-124.0538309993279 40.55549599900563
NaN NaN
-124.0595949998226 40.54378600038921
-124.0611439999013 40.54400000031377
-124.0622510001141 40.54397999907385
-124.0648320000626 40.54429599885292
-124.0744570000726 40.54511299914846
-124.0753349999566 40.54539899918631
NaN NaN
-124.0628609993112 40.56104199906836
-124.0641459997993 40.56165299937003
-124.068623000156 40.56314199903266
NaN NaN
-124.0643459998158 40.55920399896923
-124.0651599992273 40.55867699932388
-124.065622000083 40.55821599928348
-124.0671840005805 40.55758399924019
-124.068767999921 40.55758599895815
-124.0703589998325 40.5578899983928
NaN NaN
-124.0693250003129 40.56332399896181
-124.0800840002999 40.56708299927543
-124.0826150000197 40.56830399895732
-124.084146000555 40.5691819990434
-124.0862970003332 40.57086299902137
NaN NaN
-124.0700819998231 40.55968899899161
-124.0712760000745 40.55990899891278
-124.071957000315 40.56016799930786
-124.073127000277 40.56090199927614
-124.0748300003415 40.56096199873547
-124.0765159997893 40.56174600033199
-124.0769640004012 40.56215999888581
-124.0769719998988 40.5624009991842
-124.0764780001544 40.56304399907579
-124.0764850007254 40.56328599937746
-124.0785229996273 40.56394299906673
-124.0796879995665 40.56452499909799
-124.080264000225 40.56523899939275
NaN NaN
-124.0706829996976 40.55798400034079
-124.0723859997621 40.55871199926837
-124.0730989997896 40.55872899931282
-124.0761240001521 40.55933899905396
-124.076926999693 40.55971700029982
-124.0779410000194 40.56048299932333
-124.078537999696 40.56059299875204
-124.0795779999616 40.56099699885021
-124.0803470000657 40.56152599894101
-124.0819509985993 40.5634879977467
-124.0832500002294 40.56452099939414
-124.0865659999467 40.5655469992023
-124.0907390014282 40.56867000034197
-124.0915169999564 40.56947099972749
NaN NaN
-124.0738279997107 40.55345099919443
-124.0754219999952 40.55384399896531
-124.0779589995627 40.55530799891135
NaN NaN
-124.0755949993493 40.54545399936863
-124.0851599999831 40.54905199935516
NaN NaN
-124.0782349997473 40.5554229987921
-124.0805150002952 40.55622699937266
-124.0809999998187 40.55654999918282
NaN NaN
-124.0784829994444 40.5557809991802
-124.0797419999932 40.55681400032356
-124.0802759999206 40.55743799919174
-124.0812409998431 40.5592019992996
NaN NaN
-124.0787829999184 40.53860699919873
-124.0807670001902 40.5388109992574
-124.0834729998122 40.53936599781925
-124.0855369995517 40.53962999912303
NaN NaN
-124.0805299985671 40.5661389989769
-124.081025999758 40.5668239990226
-124.0834519998958 40.56720299934263
-124.0840539995952 40.56746399891645
-124.0848250002474 40.56811299887735
-124.0871179994174 40.57057599890216
NaN NaN
-124.082008999224 40.56429399925863
-124.0832240002902 40.56500400029531
NaN NaN
-124.0862260001881 40.56678199776211
-124.083485000406 40.56514199884023
NaN NaN
-124.085439001439 40.54914299873966
-124.0955659997927 40.55170499881351
-124.0984430000172 40.55261899923638
NaN NaN
-124.0856389996589 40.53962799886882
-124.0884139997761 40.53984899929097
NaN NaN
-124.0864720002354 40.5709749977687
-124.0889400002059 40.57310899888995
-124.0946949995815 40.57617299937588
-124.0996330000707 40.57973399939136
-124.1020550000105 40.58122999925961
-124.1027769993605 40.58154799893955
NaN NaN
-124.0872029998062 40.57072699931568
-124.0884259985734 40.57185199932997
-124.089246998556 40.5728019993968
-124.0898509997019 40.57312199881744
NaN NaN
-124.0970989999779 40.54132099881113
-124.0918399999966 40.54008899785784
-124.0887469998621 40.53984399935436
NaN NaN
-124.0908069994036 40.57334599879774
-124.0913250003358 40.57345699922598
NaN NaN
-124.0921379999224 40.57033499938006
-124.0928049999192 40.57143900033006
NaN NaN
-124.0922830005857 40.573741999353
-124.093530001439 40.57438299888053
-124.0966439996932 40.57652899880657
-124.0974870003154 40.57690699781127
-124.0987219996764 40.57718599880959
-124.0992470002813 40.57747799909004
-124.1010629994254 40.57735499897071
-124.1023349985964 40.57754199899061
-124.1036549992445 40.57797100027198
-124.1044209998738 40.57843999913432
-124.1048300001277 40.57888499891084
-124.1051710006096 40.57963299785123
-124.105393999294 40.58041399777269
-124.1052900004353 40.58089900033633
-124.1049480001285 40.58135799932545
-124.1043599997744 40.58151899907642
-124.1034500001034 40.58150599873378
-124.1031349995609 40.58160199926281
-124.1034040000727 40.58259299876865
-124.1038090001286 40.58288799913432
-124.1064930000092 40.58389499901602
-124.1073709998932 40.5841209993752
-124.1139199985888 40.58719900037499
NaN NaN
-124.0937060002677 40.5736849992882
-124.0935130008222 40.57257299873766
-124.0932619998537 40.57212499831041
NaN NaN
-124.1013929991383 40.55337399911149
-124.0987610000345 40.55269799936895
NaN NaN
-124.1034190001413 40.58180899918856
-124.1039430000229 40.58207099927689
NaN NaN
-124.1062129996268 40.58377899878263
-124.1066489996448 40.58383199920243
-124.1076339996589 40.58366199887866
-124.1081509998679 40.58374299883398
-124.1087590003134 40.58421599873675
-124.1088550005729 40.58472699909887
NaN NaN
-124.1097399992313 40.58519299932854
-124.1118279992602 40.58488299894289
-124.1124509997744 40.58457099889095
-124.1134410007097 40.58461199908143
-124.1142040000676 40.58492999905639
-124.1153500006385 40.58614699939233
-124.1154900003806 40.58680799881569
-124.1153009993363 40.58711299932956
-124.1145970004279 40.5873679991166
-124.1144829997268 40.58752099934075
NaN NaN
-124.1141030006836 40.58726899906593
-124.1154009997938 40.58824199907001
-124.1169540000704 40.58992699928883
-124.1176150002194 40.59075999873501
-124.1191589993769 40.5932959992257
-124.1195090000796 40.59434599895116
-124.1192920003446 40.59625099932965
-124.1190419992011 40.59706999775646
-124.1190279998557 40.59788499935428
-124.1196410003241 40.59974499908051
-124.1202129998863 40.60027699879563
-124.1219109999279 40.60015599880673
-124.1231900005682 40.6005239989781
NaN NaN
-124.115318999778 40.58815299911237
-124.1161920014357 40.58825799903448
-124.1176880000144 40.58798799929148
-124.118720999709 40.58809099930185
-124.1192369991948 40.58817199935088
-124.1212000004486 40.5889189987412
NaN NaN
-124.1218660006204 40.59641499926418
-124.1204830002231 40.59770900031734
NaN NaN
-124.1219270007198 40.58938799929438
-124.1225009999318 40.5899809989869
-124.1231829999972 40.59153799892459
-124.1233260001123 40.59228999834676
-124.1231050001794 40.59404499935152
NaN NaN
-124.1229590005895 40.59437999934878
-124.1222499998616 40.5957809978296
NaN NaN
-124.123441999565 40.6006759978497
-124.1250109997352 40.60149200038666
NaN NaN
-124.1261980003139 40.60300299915633
-124.1252059997288 40.60166399880102
NaN NaN
-124.1262230004283 40.60307300040019
-124.1280469999683 40.60626899921589
-124.1296789998877 40.60987899926274
-124.1305800002362 40.6111409989474
-124.1333779999196 40.61426700028424
-124.1370340002939 40.61815899934825
-124.1397959999923 40.62088799938649
-124.1426459995543 40.62287299881832
-124.144310000159 40.62387799874519
-124.1461529999656 40.62479400032828
NaN NaN
-124.1462480004001 40.62487699929422
-124.1482890005734 40.62632499907728
-124.149305001448 40.6268939993415
-124.1522050003403 40.6281529989303
NaN NaN
-124.1524320001211 40.62829299910447
-124.1536229999995 40.62871399938911
-124.1550560006255 40.62958599912202
NaN NaN
-124.1552949992035 40.62975499774362
-124.1576579995921 40.63130099911135
-124.1600450002701 40.63255599906181
-124.1640389998548 40.63400199920852
-124.1726810003989 40.63753799918167
-124.1760010003142 40.63916899923925
-124.1777910004173 40.64117399873169
-124.1784610007871 40.64226800025941
-124.178819999914 40.64350599892576
-124.1799050003855 40.64618099934987
NaN NaN
-124.1799320001497 40.64629599908698
-124.1801259994201 40.64738699881401
-124.1790159997326 40.64813399886415
-124.1791129998169 40.64833999873195
-124.1799389998224 40.64863499928807
-124.18054300007 40.64907299901365
-124.1813070001511 40.65023299938905
-124.1820500003159 40.65077199937809
-124.1829170003292 40.65089299834608
-124.1836539997478 40.65122599927337
-124.1842140014111 40.65173299786249
-124.1849459999086 40.6537349988287
-124.1853250000253 40.65421199934755
-124.1867070005977 40.65484299907504
-124.1871750004029 40.65528299778356
-124.187335999163 40.65604000030983
-124.1878429993262 40.65630699915543
-124.1884059995659 40.65684999877963
-124.1885599995517 40.6574000002703
-124.1883980000683 40.65795599896255
-124.1871639996339 40.65911999978074
-124.1867329996387 40.65978499925317
-124.1867600003012 40.66061399935774
NaN NaN
-124.1791980002058 40.64223099913436
-124.1810469998601 40.64431399906472
NaN NaN
-124.1810750003475 40.64435399881076
-124.1820829999278 40.64601299926519
-124.182550999733 40.64783599920066
NaN NaN
-124.1813699999003 40.73677799882308
-124.2072089996972 40.7675359988698
NaN NaN
-124.1836660003417 40.69782799904272
-124.1824089994427 40.701031998407
NaN NaN
-124.1826350002969 40.64806399780486
-124.182918999979 40.648472999791
-124.1832899996998 40.64870699878682
-124.1851280003818 40.64939799932193
-124.1858670003486 40.6497989991547
-124.1865700003303 40.6505109991899
-124.1869989997774 40.65109099928194
-124.1872160004107 40.65219300028904
-124.1881570000439 40.65317699876738
-124.1888309997134 40.65437499899884
-124.1895770002512 40.65636499939641
NaN NaN
-124.1837260006162 40.70242499893035
-124.184598999579 40.7013709988009
NaN NaN
-124.1849049999007 40.69963599938506
-124.1850379999701 40.7008789993758
-124.1853289993249 40.70146099885071
-124.1858959997626 40.70210699913494
-124.1859590004101 40.70265799891319
-124.1857469997997 40.70311199904911
NaN NaN
-124.1864439999337 40.7049999993096
-124.1857619998683 40.70632599911868
NaN NaN
-124.1877869992497 40.7030039993363
-124.1876740001701 40.70373199888002
-124.1875009999178 40.70401199915258
-124.1865730007034 40.70475599787385
NaN NaN
-124.1868319993729 40.66089599890925
-124.1872099996646 40.66206399885544
NaN NaN
-124.1873160008682 40.66236699935102
-124.1875810002837 40.66353699939
-124.1879219998673 40.66422099885911
-124.1885339996124 40.66490199927589
-124.1890650000651 40.66585899887711
NaN NaN
-124.1873239985691 40.66399099896367
-124.1873439995589 40.66461299886766
-124.1887420000249 40.66710899915643
-124.1897710004199 40.66802299919823
-124.1900129993709 40.66846799873456
-124.1900279994396 40.66891799921939
-124.1896669997646 40.6704100003418
-124.189767000222 40.67068499923603
-124.1900469997062 40.67092199930816
-124.1917239998314 40.67081999909576
-124.1922259999717 40.6708799993999
-124.1926440004464 40.67118399888479
-124.192576999601 40.67191099912158
-124.1918309999615 40.67271999886442
-124.192030999978 40.67323499901027
-124.1923610005892 40.6736089988799
-124.1924840006129 40.67460899935784
NaN NaN
-124.1892939985973 40.70769699930727
-124.1889490006125 40.7082569993843
-124.1888219985942 40.7099179989502
-124.1884390000762 40.71072099934258
NaN NaN
-124.1887340014256 40.70284799883662
-124.1897130006936 40.70358899778565
-124.1905840000066 40.70523199876281
NaN NaN
-124.1896640002898 40.65664299886431
-124.1897710004199 40.6571249990695
-124.1901520001865 40.65767099939058
-124.1909620002984 40.65817399920021
-124.19191999965 40.65898499940628
-124.1937280001947 40.66219899913156
NaN NaN
-124.1897439997574 40.70874499886069
-124.1901720002779 40.70797599892013
-124.1901379999427 40.70693999894326
-124.1906579996264 40.70616899922963
NaN NaN
-124.1910980007408 40.67379099788271
-124.1910400001161 40.67337799780545
-124.190600999725 40.67245199876007
-124.1897559985547 40.67163899974452
NaN NaN
-124.1901050003308 40.67840399879653
-124.1898960000934 40.67965199879338
-124.1900609999498 40.68120499876493
NaN NaN
-124.1902690003623 40.68202899876444
-124.1908559999931 40.6846979989025
NaN NaN
-124.1908049999395 40.67552099919826
-124.1903250004388 40.67750099918713
NaN NaN
-124.1911039996903 40.6740479990051
-124.1908750002597 40.67536499975145
NaN NaN
-124.1909309994379 40.68558899925108
-124.1909609995751 40.68857899885592
-124.1913489999126 40.69002299901706
NaN NaN
-124.1940620001056 40.69922699920977
-124.1939039999218 40.69853799893439
-124.1932119998107 40.69820499926273
-124.1925130000269 40.69766599915634
-124.19238899928 40.69666599927573
-124.1924450002548 40.69559299895754
-124.192143000131 40.69469999916707
-124.1911419993251 40.69330199916032
NaN NaN
-124.1915020000735 40.69023699897213
-124.191887000038 40.69226899877664
-124.1916810001737 40.69285999882734
-124.1913680001792 40.69303899876842
NaN NaN
-124.192269001426 40.70705199911038
-124.1926569999669 40.70780499890064
-124.1927299997619 40.70859899938669
-124.1925429992658 40.70984699774486
-124.1921990002075 40.71040699880808
NaN NaN
-124.1924820000647 40.67474599906934
-124.1925900000198 40.67598899875504
NaN NaN
-124.1926180014055 40.67683499910243
-124.1927379992595 40.67840600035137
-124.1930379997334 40.67922899876061
NaN NaN
-124.1940810003722 40.70967999899428
-124.1939149997925 40.7101319990082
-124.1929139998849 40.71143099935086
NaN NaN
-124.1932679998872 40.68003699887985
-124.1937670005528 40.68139299777676
NaN NaN
-124.1997660003258 40.69574799890411
-124.1981950014041 40.69491399908543
-124.1973960002645 40.6940999989835
-124.1966330000083 40.69300799918216
-124.1961640003782 40.69114999878449
-124.1963669998695 40.69042099872771
-124.1968439998955 40.68975500035757
-124.1970959997906 40.68912699901244
-124.1970129999499 40.68802299934693
-124.1971250001029 40.68726000039641
-124.1967749994002 40.68626499884985
-124.1968549997662 40.6859519988038
-124.1977870000768 40.685357998816
-124.1982230000949 40.68479799899988
-124.1984719996169 40.68410099928676
-124.1991359992406 40.68356999899299
-124.1996690002414 40.6818309990561
-124.1998099998084 40.68065399936051
-124.1997500004323 40.68016999873981
-124.1987689997178 40.67794199773603
-124.1983620000121 40.67663699895422
-124.1978289999096 40.6756109987393
-124.1968330000248 40.67431699898362
-124.1969450001778 40.67358900028438
-124.1978889992857 40.67191099912158
-124.1981729998661 40.67090299875272
-124.1981910003078 40.6700739991179
-124.1978889992857 40.66914599936889
-124.1972709996927 40.66829399876873
-124.196286000577 40.6673439991491
-124.1935189999574 40.66601399915942
-124.1934209991498 40.66580900031383
-124.1934780008478 40.66477099885937
-124.1938090003856 40.66241399880534
NaN NaN
-124.1942409993074 40.68790300025069
-124.1946549995842 40.68533699898442
-124.1944149993847 40.68354399918428
-124.1939609998233 40.68216999973613
NaN NaN
-124.1941800001064 40.70005299930619
-124.1950420000968 40.70003699887722
-124.1975500002503 40.70033499891493
-124.1982840001943 40.70059799910914
NaN NaN
-124.1954710004422 40.70633499893626
-124.1960170000651 40.70639299924492
-124.1967080003514 40.70669099876622
-124.1971769999814 40.70713099925482
-124.1973849985972 40.70792299893716
NaN NaN
-124.1958680001022 40.70739899883981
-124.1964669994286 40.70766299939898
-124.1970280000185 40.70813699927785
-124.1983519999663 40.70973699880655
-124.1990720005649 40.71089799973944
-124.1996790002872 40.71275299875711
NaN NaN
-124.1971750003316 40.70847999886034
-124.196026000286 40.71078299903883
-124.195990000301 40.71109499927013
-124.1967579996818 40.71374199885426
-124.1970549997827 40.71446199896855
-124.1975290003339 40.71504099890184
-124.1974969996486 40.71545599929689
-124.196603999696 40.71730599904612
-124.1966199995895 40.71778899936105
NaN NaN
-124.1974399997471 40.71372899905016
-124.1987689997178 40.71546599878224
NaN NaN
-124.1979410000626 40.69704299926089
-124.2018669998752 40.69911199878648
-124.2035029999926 40.70049799888572
-124.2049879995989 40.7014709990757
-124.2057900002132 40.70235500036924
NaN NaN
-124.1987760002888 40.70027199925809
-124.2003259992941 40.70183199774937
-124.2019370001954 40.70387500034835
-124.2038210000099 40.70729599894398
NaN NaN
-124.1994809999205 40.70677699907483
-124.2007859996017 40.70778799931676
-124.2010249999763 40.70816500036614
NaN NaN
-124.1996829995868 40.71154299877403
-124.2011420001521 40.71303599932418
NaN NaN
-124.2013129998564 40.71545199909374
-124.1999650014157 40.71319700038516
NaN NaN
-124.2001549995899 40.72166099929326
-124.2024080003736 40.72528199910435
NaN NaN
-124.2004810000031 40.70820899786957
-124.2002430003518 40.7092159989463
NaN NaN
-124.2044740006613 40.71355899907366
-124.2038149992638 40.71422799918969
-124.2031249997008 40.71534699895302
-124.2025399997198 40.71687999913744
-124.2010939995733 40.7198459993687
-124.200270000116 40.72103700039921
NaN NaN
-124.200662999578 40.71097099903897
-124.2018069996008 40.71253799936766
-124.2035829985619 40.71409400033688
NaN NaN
-124.2018789995708 40.70379199884293
-124.2027499997821 40.7040179987856
-124.2037209995525 40.70455199937
-124.2047979996281 40.70553399883036
-124.2056529999458 40.70665899905066
NaN NaN
-124.2019780002033 40.70100499884385
-124.2029379992047 40.70254199923115
-124.2037850000249 40.70345899887696
NaN NaN
-124.2025679993089 40.71221299898856
-124.2041549999207 40.71352999932277
NaN NaN
-124.2033479992836 40.71247500035885
-124.2051650000492 40.71385699921058
-124.2061340001698 40.71432199915895
NaN NaN
-124.2036580007016 40.71495699882864
-124.2038820001093 40.71764899905816
-124.2041549999207 40.71899199835951
-124.2045640001747 40.72040099934313
-124.205579000326 40.72224899895968
-124.205827999848 40.72428299936234
NaN NaN
-124.2044689997401 40.71888199886968
-124.205098000102 40.72007999914561
-124.2052090004301 40.7206659988763
NaN NaN
-124.2048099993236 40.70432699890346
-124.2067370005924 40.70646499904124
NaN NaN
-124.2056210001588 40.71526599925659
-124.2054479999064 40.71689299900716
NaN NaN
-124.2073079994314 40.71409199917309
-124.207045000564 40.71713899925815
-124.2068830001823 40.71772999925956
-124.2061219995759 40.71943900039538
-124.2054730000208 40.72041899925744
NaN NaN
-124.205759000251 40.70680599904301
-124.2061690003298 40.70750699891647
-124.2073169996522 40.70858999919404
NaN NaN
-124.2059770007092 40.70244999912832
-124.2067350000443 40.70343799930185
NaN NaN
-124.2062490006958 40.71366299906278
-124.2061690003298 40.71674099916715
NaN NaN
-124.206336999661 40.72047099936086
-124.2062630000412 40.72095700027507
NaN NaN
-124.206340999859 40.70484899925774
-124.2077359999519 40.70647999893222
NaN NaN
-124.2086900000039 40.72018499931054
-124.2065800002336 40.72091599935715
NaN NaN
-124.2080890001293 40.71711899874582
-124.2077359999519 40.71743699903104
-124.2074360003762 40.71796199929954
-124.2066869985671 40.72004999935983
NaN NaN
-124.2092819996576 40.70636099938618
-124.207478000209 40.70416899935951
NaN NaN
-124.2080089997634 40.70923899937119
-124.207539999235 40.70876499916483
NaN NaN
-124.2084330000859 40.71790799891049
-124.208351999895 40.71960299938438
NaN NaN
-124.2087619999739 40.71001999925455
-124.20838799988 40.70971599916812
NaN NaN
-124.209057000425 40.70932299780598
-124.2100179992513 40.71089499887103
-124.2120929997598 40.71323999839501
NaN NaN
-124.2093849995897 40.71923799902422
-124.2090829985676 40.72110999879463
NaN NaN
-124.2108740002923 40.70836599907798
-124.2094319994454 40.70663099937199
NaN NaN
-124.2098900001031 40.71252199785253
-124.2103570000833 40.71292799936279
NaN NaN
-124.2103140004256 40.71026699932428
-124.2117789999404 40.71200099935511
NaN NaN
-124.2105310001606 40.70995199906898
-124.2109980001408 40.71032299901691
-124.212086999912 40.71168499885405
NaN NaN
-124.2109120008254 40.71461099922557
-124.2115439997638 40.7158429992572
-124.2136080004016 40.71784299780406
-124.2147259995868 40.7186849978683
NaN NaN
-124.2127999999395 40.71097199932731
-124.2114009996487 40.70918499939734
NaN NaN
-124.2311940007152 40.79466299889691
-124.2115329998931 40.77245899902049
NaN NaN
-124.2116829996809 40.71459599912339
-124.2129919995601 40.71571199885921
NaN NaN
-124.2122250000043 40.71582999918245
-124.212928999811 40.71650799875209
NaN NaN
-124.2125050003867 40.72622199876491
-124.2172110001741 40.74160499919519
-124.2290420002138 40.75838400034211
NaN NaN
-124.2147710006909 40.71359499919306
-124.2133459995625 40.71170499895609
NaN NaN
-124.2332039991297 40.73736000034623
-124.2156100002168 40.71437099786612
NaN NaN
-124.2415860002811 40.77229499902317
-124.2342950003474 40.76606399935341
-124.2297450001956 40.75912399936642
NaN NaN
