nan 35.0
nan 35.05
nan 35.1
nan 35.15
nan 35.2
nan 35.25
nan 35.3
nan 35.35
nan 35.4
nan 35.45
nan 35.5
nan 35.55
nan 35.6
nan 35.65
nan 35.7
nan 35.75
nan 35.8
nan 35.85
nan 35.9
nan 35.95
nan 36.0
nan 36.05
nan 36.1
nan 36.15
nan 36.2
nan 36.25
nan 36.3
nan 36.35
nan 36.4
nan 36.45
nan 36.5
nan 36.55
nan 36.6
nan 36.65
nan 36.7
nan 36.75
nan 36.8
nan 36.85
nan 36.9
nan 36.95
nan 37.0
nan 37.05
nan 37.1
nan 37.15
nan 37.2
nan 37.25
nan 37.3
nan 37.35
nan 37.4
nan 37.45
nan 37.5
nan 37.55
nan 37.6
nan 37.65
nan 37.7
nan 37.75
nan 37.8
nan 37.85
nan 37.9
nan 37.95
nan 38.0
nan 38.05
nan 38.1
nan 38.15
nan 38.2
nan 38.25
nan 38.3
nan 38.35
nan 38.4
nan 38.45
nan 38.5
nan 38.55
nan 38.6
nan 38.65
nan 38.7
nan 38.75
nan 38.8
nan 38.85
nan 38.9
nan 38.95
nan 39.0
nan 39.05
nan 39.1
nan 39.15
nan 39.2
nan 39.25
nan 39.3
nan 39.35
nan 39.4
nan 39.45
nan 39.5
nan 39.55
nan 39.6
nan 39.65
nan 39.7
nan 39.75
nan 39.8
nan 39.85
nan 39.9
nan 39.95
nan 40.0
nan 40.05
nan 40.1
nan 40.15
nan 40.2
nan 40.25
nan 40.3
nan 40.35
-124.71113383089074 40.4
-124.70316974166074 40.45
-124.69628996271067 40.5
-124.69065477435434 40.55
-124.68640497853562 40.6
-124.68369362473284 40.65
-124.68262595780047 40.7
-124.68323815801574 40.75
-124.6854806157348 40.8
-124.68921051779424 40.85
-124.69419697166369 40.9
-124.70014009194092 40.95
-124.70678617420464 41.0
-124.71369705390431 41.05
-124.72052305767379 41.1
-124.72695254681287 41.15
-124.73272976559689 41.2
-124.73766452513152 41.25
-124.741635069509 41.3
-124.74458642771103 41.35
-124.74652500710707 41.4
-124.74751124838083 41.45
-124.7476514935637 41.5
-124.74708909729402 41.55
-124.74599583125799 41.6
-124.74456234914878 41.65
-124.74298896655493 41.7
-124.7414753733936 41.75
-124.74021132420992 41.8
-124.7393662860989 41.85
-124.73908103618572 41.9
-124.73946097201768 41.95
-124.74057234473443 42.0
-124.7424417027209 42.05
-124.74505942893052 42.1
-124.74838713008728 42.15
-124.75250513019056 42.2
-124.75733486973466 42.25
-124.76271174028507 42.3
-124.76857834250406 42.35
-124.77489850958086 42.4
-124.78166151172289 42.45
-124.78888362374892 42.5
-124.79660593756014 42.55
-124.80513400315479 42.6
-124.81446755345914 42.65
-124.82449733258551 42.7
-124.8352764500756 42.75
-124.84682893963874 42.8
-124.85949839762165 42.85
-124.8729429335588 42.9
-124.88688326694441 42.95
-124.90115457928738 43.0
-124.91589821497047 43.05
-124.93033334086468 43.1
-124.94416333180413 43.15
-124.95734862576779 43.2
-124.96954235200177 43.25
-124.98033463353032 43.3
-124.98957268817878 43.35
-124.99715545667921 43.4
-125.00315856397197 43.45
-125.00750116184224 43.5
-125.0100952987645 43.55
-125.01100395228889 43.6
-125.01032031278963 43.65
-125.00816727125773 43.7
-125.00469712180251 43.75
-125.0000932010046 43.8
-124.99484237153604 43.85
-124.98897381783026 43.9
-124.98274561309105 43.95
-124.97643814648913 44.0
-124.97033886236372 44.05
-124.96472765126789 44.1
-124.95985990618733 44.15
-124.95594954968892 44.2
-124.95315400563666 44.25
-124.95156423044125 44.3
-124.95120070822071 44.35
-124.95201585139962 44.4
-124.95390225503311 44.45
-124.95670533452694 44.5
-124.96023750503248 44.55
-124.96429328104479 44.6
-124.9686623989492 44.65
-124.9731412516303 44.7
-124.97754156914984 44.75
-124.9816961758364 44.8
-124.9854626976895 44.85
-124.98872518171757 44.9
-124.99139420751222 44.95
-124.99340571521131 45.0
-124.99471965507499 45.05
-124.99531776427946 45.1
-124.99520157070647 45.15
-124.99439040597153 45.2
-124.99291974832433 45.25
-124.99083969953806 45.3
-124.98821391767275 45.35
-124.98511836359367 45.4
-124.98164106190296 45.45
-124.97788130037165 45.5
-124.97394914166556 45.55
-124.96996494181614 45.6
-124.96605874569293 45.65
-124.96236922698708 45.7
-124.9590419438616 45.75
-124.95622746445416 45.8
-124.95407781645962 45.85
-124.95274308880765 45.9
-124.95236659153908 45.95
-124.95307939920606 46.0
-124.95499542407019 46.05
-124.95820709211772 46.1
-124.96278137273777 46.15
-124.96875784993902 46.2
-124.9761491444281 46.25
-124.98494189434257 46.3
-124.99510002732161 46.35
-125.0069111541268 46.4
-125.02023094693011 46.45
-125.03469658500777 46.5
-125.05022064425103 46.55
-125.06736955868728 46.6
-125.08533809045488 46.65
-125.10420303040071 46.7
-125.12428205631032 46.75
-125.14496078216332 46.8
-125.16679027374074 46.85
-125.18936342758172 46.9
-125.21298219790147 46.95
-125.23760471610242 47.0
-125.26338688020385 47.05
-125.29033594501772 47.1
-125.31872648845588 47.15
-125.34820526767793 47.2
-125.37951867867541 47.25
-125.41195929312642 47.3
-125.44568292009653 47.35
-125.48095923711595 47.4
-125.51714851296522 47.45
-125.55409186722402 47.5
-125.59202338072491 47.55
-125.63055810146837 47.6
-125.6693359669577 47.65
-125.70822706275696 47.7
-125.74728292712035 47.75
-125.7867248201168 47.8
-125.82620362465754 47.85
-125.86580985266411 47.9
-125.90568084830625 47.95
-125.94614967088911 48.0
-125.98742226540061 48.05
-126.02940810961312 48.1
-126.07222075040171 48.15
-126.11592219353912 48.2
-126.16052130231716 48.25
-126.20598659790113 48.3
-126.25227563777784 48.35
-126.29939670983873 48.4
-126.34743827492385 48.45
-126.39649171474278 48.5
-126.44685940129926 48.55
-126.4989910040823 48.6
-126.55362350763005 48.65
-126.6115121228742 48.7
-126.67343738338617 48.75
-126.74016606508496 48.8
-126.81278172704017 48.85
-126.89128962294706 48.9
-126.9749560163132 48.95
-127.06049430606326 49.0
-127.14335792527669 49.05
-127.21871864488593 49.1
-127.28403990561779 49.15
-127.33928190077694 49.2
-127.38573427760316 49.25
-127.42516145333076 49.3
-127.45924169772204 49.35
-127.48945058125821 49.4
-127.51715634792086 49.45
-127.54333535944014 49.5
-127.56922621179443 49.55
-127.59529317517054 49.6
-127.62279793498222 49.65
-127.65168723402074 49.7
-127.68336036221093 49.75
-127.71762673984502 49.8
-127.75481874772414 49.85
-127.79555997584174 49.9
-127.83989069267487 49.95
-127.88750028530382 50.0
-127.93812202862723 50.05
nan 50.1
nan 50.15
nan 50.2
nan 50.25
nan 50.3
nan 50.35
nan 50.4
nan 50.45
nan 50.5
nan 50.55
nan 50.6
nan 50.65
nan 50.7
nan 50.75
nan 50.8
nan 50.85
nan 50.9
nan 50.95
nan 51.0
nan 51.05
nan 51.1
nan 51.150000000000006
nan 51.2
nan 51.25
nan 51.3
nan 51.35
nan 51.400000000000006
nan 51.45
nan 51.5
nan 51.55
nan 51.6
nan 51.650000000000006
nan 51.7
nan 51.75
nan 51.8
nan 51.85
nan 51.900000000000006
nan 51.95
nan 52.0
nan 52.05
nan 52.1
nan 52.150000000000006
nan 52.2
nan 52.25
nan 52.3
nan 52.35
nan 52.400000000000006
nan 52.45
nan 52.5
nan 52.55
nan 52.6
nan 52.650000000000006
nan 52.7
nan 52.75
nan 52.8
nan 52.85
nan 52.900000000000006
nan 52.95
nan 53.0
nan 53.05
nan 53.1
nan 53.150000000000006
nan 53.2
nan 53.25
nan 53.3
nan 53.35
nan 53.400000000000006
nan 53.45
nan 53.5
nan 53.55
nan 53.6
nan 53.650000000000006
nan 53.7
nan 53.75
nan 53.8
nan 53.85
nan 53.900000000000006
nan 53.95
nan 54.0
