nan 35.0
nan 35.05
nan 35.1
nan 35.15
nan 35.2
nan 35.25
nan 35.3
nan 35.35
nan 35.4
nan 35.45
nan 35.5
nan 35.55
nan 35.6
nan 35.65
nan 35.7
nan 35.75
nan 35.8
nan 35.85
nan 35.9
nan 35.95
nan 36.0
nan 36.05
nan 36.1
nan 36.15
nan 36.2
nan 36.25
nan 36.3
nan 36.35
nan 36.4
nan 36.45
nan 36.5
nan 36.55
nan 36.6
nan 36.65
nan 36.7
nan 36.75
nan 36.8
nan 36.85
nan 36.9
nan 36.95
nan 37.0
nan 37.05
nan 37.1
nan 37.15
nan 37.2
nan 37.25
nan 37.3
nan 37.35
nan 37.4
nan 37.45
nan 37.5
nan 37.55
nan 37.6
nan 37.65
nan 37.7
nan 37.75
nan 37.8
nan 37.85
nan 37.9
nan 37.95
nan 38.0
nan 38.05
nan 38.1
nan 38.15
nan 38.2
nan 38.25
nan 38.3
nan 38.35
nan 38.4
nan 38.45
nan 38.5
nan 38.55
nan 38.6
nan 38.65
nan 38.7
nan 38.75
nan 38.8
nan 38.85
nan 38.9
nan 38.95
nan 39.0
nan 39.05
nan 39.1
nan 39.15
nan 39.2
nan 39.25
nan 39.3
nan 39.35
nan 39.4
nan 39.45
nan 39.5
nan 39.55
nan 39.6
nan 39.65
nan 39.7
nan 39.75
-123.05091791563554 39.8
-123.03197874904275 39.85
-123.01287952178158 39.9
-122.99390611322788 39.95
-122.97543002832866 40.0
-122.95785035804757 40.05
-122.9415443121045 40.1
-122.92688160378755 40.15
-122.91414425294163 40.2
-122.9035792272952 40.25
-122.89542794300418 40.3
-122.88982479111236 40.35
-122.88683638658746 40.4
-122.88651433292235 40.45
-122.88887019503616 40.5
-122.8938778763884 40.55
-122.9014993637167 40.6
-122.9117678845056 40.65
-122.92446653786892 40.7
-122.93944053030339 40.75
-122.95663659974763 40.8
-122.97598182079085 40.85
-122.99703363067212 40.9
-123.01994988311965 40.95
-123.04411772237691 41.0
-123.0695760574775 41.05
-123.09569597200685 41.1
-123.12247578970451 41.15
-123.14913875420515 41.2
-123.17580654481574 41.25
-123.20160243793399 41.3
-123.22673739552702 41.35
-123.25039985002162 41.4
-123.27299317449014 41.45
-123.29378693048068 41.5
-123.31313605643759 41.55
-123.33078186229672 41.6
-123.34658305759929 41.65
-123.36099521446629 41.7
-123.37377832717112 41.75
-123.38490430195816 41.8
-123.39446590303723 41.85
-123.40265649579268 41.9
-123.40961474241415 41.95
-123.41516149235798 42.0
-123.41933989564824 42.05
-123.42217595464429 42.1
-123.42367905141967 42.15
-123.4238425668926 42.2
-123.42264476367573 42.25
-123.42004937878787 42.3
-123.41600626766643 42.35
-123.41045140655521 42.4
-123.40330694015283 42.45
-123.39476061730262 42.5
-123.38471741055058 42.55
-123.37291970547906 42.6
-123.35926277532741 42.65
-123.34396653051199 42.7
-123.3272495958005 42.75
-123.308585666475 42.8
-123.28856771749263 42.85
-123.26721637642935 42.9
-123.24445497064826 42.95
-123.22117512723268 43.0
-123.19687108555095 43.05
-123.17283615823172 43.1
-123.14841266138927 43.15
-123.12504341379258 43.2
-123.10199406497694 43.25
-123.08058035373092 43.3
-123.06026926001671 43.35
-123.04161470790886 43.4
-123.0248627785288 43.45
-123.00968943749375 43.5
-122.99630563575167 43.55
-122.9848726837684 43.6
-122.97484045102249 43.65
-122.96598246276007 43.7
-122.95798769300139 43.75
-122.95046659445465 43.8
-122.94332492317798 43.85
-122.93575516231505 43.9
-122.92721014658916 43.95
-122.91714612028993 44.0
-122.90501654795128 44.05
-122.89095711872581 44.1
-122.87443559315217 44.15
-122.85473798910841 44.2
-122.83315484731399 44.25
-122.80880583341094 44.3
-122.78318686586215 44.35
-122.75599415621429 44.4
-122.7293600825257 44.45
-122.70225610076344 44.5
-122.67769353295535 44.55
-122.65365595149404 44.6
-122.63287680367684 44.65
-122.61375820995458 44.7
-122.59663059938482 44.75
-122.5827984051279 44.8
-122.57063902356938 44.85
-122.56019793524821 44.9
-122.55148082031079 44.95
-122.54516387569116 45.0
-122.54049605217378 45.05
-122.53724284374888 45.1
-122.53534781243098 45.15
-122.53474650547903 45.2
-122.53536330644616 45.25
-122.53710869194813 45.3
-122.53987706694667 45.35
-122.54354698092544 45.4
-122.54798393801573 45.45
-122.55347834411543 45.5
-122.55979182334035 45.55
-122.56646984555908 45.6
-122.5733635808429 45.65
-122.58034562183903 45.7
-122.58731410213055 45.75
-122.59419320938412 45.8
-122.60106183680358 45.85
-122.60850515653881 45.9
-122.61566725278173 45.95
-122.62254526975612 46.0
-122.6291455496038 46.05
-122.6354783139649 46.1
-122.6415528026872 46.15
-122.6473728576266 46.2
-122.65319416694085 46.25
-122.65887323797023 46.3
-122.66413874610201 46.35
-122.66897418235752 46.4
-122.6733620728121 46.45
-122.67728763293681 46.5
-122.68074102397222 46.55
-122.68371850480797 46.6
-122.68622259166976 46.65
-122.68826187645215 46.7
-122.68985075149374 46.75
-122.6910098871998 46.8
-122.69176710814425 46.85
-122.6921606774575 46.9
-122.69224266718922 46.95
-122.69208238984635 47.0
-122.69177157525284 47.05
-122.69142764524207 47.1
-122.69119675061857 47.15
-122.69125481544863 47.2
-122.69180695142373 47.25
-122.69308314733152 47.3
-122.6953309502222 47.35
-122.69880432318968 47.4
-122.70381205714742 47.45
-122.71054040998568 47.5
-122.71913420057557 47.55
-122.72969820582414 47.6
-122.7422651409319 47.65
-122.75681859513851 47.7
-122.77320579100707 47.75
-122.79120648890758 47.8
-122.81061629031042 47.85
-122.83121307885106 47.9
-122.85282543508167 47.95
-122.87536704730798 48.0
-122.89874487186422 48.05
-122.92312722379317 48.1
-122.94842974389748 48.15
-122.97508869194725 48.2
-123.00297467579114 48.25
-123.03269182423534 48.3
-123.06418927568855 48.35
-123.09768970835286 48.4
-123.13381496566718 48.45
-123.17239042447633 48.5
-123.21365528767649 48.55
-123.2578823316344 48.6
-123.30540731172181 48.65
-123.35667133358392 48.7
-123.41225825123644 48.75
-123.47289181678994 48.8
-123.5393518981269 48.85
-123.61287464078053 48.9
-123.69356426470341 48.95
-123.78049228779022 49.0
-123.87036635865822 49.05
-123.95945219621134 49.1
-124.04492601691983 49.15
-124.12589054140798 49.2
-124.20335276857314 49.25
-124.27918328057577 49.3
-124.3559705065221 49.35
-124.4369211371846 49.4
-124.52534993995832 49.45
-124.623750541406 49.5
-124.7305587797161 49.55
-124.83656409457615 49.6
-124.93055797768031 49.65
-125.00924592686553 49.7
-125.07441706547412 49.75
-125.1300821089017 49.8
-125.17896491028988 49.85
-125.22327858827863 49.9
-125.26466268812645 49.95
-125.30429013980981 50.0
nan 50.05
nan 50.1
nan 50.15
nan 50.2
nan 50.25
nan 50.3
nan 50.35
nan 50.4
nan 50.45
nan 50.5
nan 50.55
nan 50.6
nan 50.65
nan 50.7
nan 50.75
nan 50.8
nan 50.85
nan 50.9
nan 50.95
nan 51.0
nan 51.05
nan 51.1
nan 51.150000000000006
nan 51.2
nan 51.25
nan 51.3
nan 51.35
nan 51.400000000000006
nan 51.45
nan 51.5
nan 51.55
nan 51.6
nan 51.650000000000006
nan 51.7
nan 51.75
nan 51.8
nan 51.85
nan 51.900000000000006
nan 51.95
nan 52.0
nan 52.05
nan 52.1
nan 52.150000000000006
nan 52.2
nan 52.25
nan 52.3
nan 52.35
nan 52.400000000000006
nan 52.45
nan 52.5
nan 52.55
nan 52.6
nan 52.650000000000006
nan 52.7
nan 52.75
nan 52.8
nan 52.85
nan 52.900000000000006
nan 52.95
nan 53.0
nan 53.05
nan 53.1
nan 53.150000000000006
nan 53.2
nan 53.25
nan 53.3
nan 53.35
nan 53.400000000000006
nan 53.45
nan 53.5
nan 53.55
nan 53.6
nan 53.650000000000006
nan 53.7
nan 53.75
nan 53.8
nan 53.85
nan 53.900000000000006
nan 53.95
nan 54.0
