nan 35.0
nan 35.05
nan 35.1
nan 35.15
nan 35.2
nan 35.25
nan 35.3
nan 35.35
nan 35.4
nan 35.45
nan 35.5
nan 35.55
nan 35.6
nan 35.65
nan 35.7
nan 35.75
nan 35.8
nan 35.85
nan 35.9
nan 35.95
nan 36.0
nan 36.05
nan 36.1
nan 36.15
nan 36.2
nan 36.25
nan 36.3
nan 36.35
nan 36.4
nan 36.45
nan 36.5
nan 36.55
nan 36.6
nan 36.65
nan 36.7
nan 36.75
nan 36.8
nan 36.85
nan 36.9
nan 36.95
nan 37.0
nan 37.05
nan 37.1
nan 37.15
nan 37.2
nan 37.25
nan 37.3
nan 37.35
nan 37.4
nan 37.45
nan 37.5
nan 37.55
nan 37.6
nan 37.65
nan 37.7
nan 37.75
nan 37.8
nan 37.85
nan 37.9
nan 37.95
nan 38.0
nan 38.05
nan 38.1
nan 38.15
nan 38.2
nan 38.25
nan 38.3
nan 38.35
nan 38.4
nan 38.45
nan 38.5
nan 38.55
nan 38.6
nan 38.65
nan 38.7
nan 38.75
nan 38.8
nan 38.85
nan 38.9
nan 38.95
nan 39.0
nan 39.05
nan 39.1
nan 39.15
nan 39.2
nan 39.25
nan 39.3
nan 39.35
nan 39.4
nan 39.45
nan 39.5
nan 39.55
nan 39.6
nan 39.65
nan 39.7
nan 39.75
nan 39.8
nan 39.85
-123.38687823205485 39.9
-123.37109118886748 39.95
-123.35480474885374 40.0
-123.33860579496915 40.05
-123.32271462584347 40.1
-123.3074135192047 40.15
-123.29322608356456 40.2
-123.28050222056893 40.25
-123.26941513574747 40.3
-123.26023288320312 40.35
-123.25316917770218 40.4
-123.24841235792712 40.45
-123.2460560504292 40.5
-123.24610080567568 40.55
-123.24856097520208 40.6
-123.25348096911036 40.65
-123.26081022458338 40.7
-123.2704174300103 40.75
-123.28215633416052 40.8
-123.2958337999196 40.85
-123.31150952708089 40.9
-123.32877757486419 40.95
-123.347198977796 41.0
-123.36693695013992 41.05
-123.38722813846749 41.1
-123.40787488393681 41.15
-123.42871997156747 41.2
-123.44894910892769 41.25
-123.46908402415295 41.3
-123.48811190038565 41.35
-123.50610668761396 41.4
-123.52322589932363 41.45
-123.53880288047573 41.5
-123.55299981272421 41.55
-123.56628426130118 41.6
-123.57804788475265 41.65
-123.58836953856847 41.7
-123.59733868812185 41.75
-123.60540346892279 41.8
-123.61240808877031 41.85
-123.61824549025542 41.9
-123.62298187963631 41.95
-123.62666942950197 42.0
-123.62934545080616 42.05
-123.63103205482508 42.1
-123.63173757286206 42.15
-123.6314569566503 42.2
-123.63017343178822 42.25
-123.62785935694394 42.3
-123.62447729559229 42.35
-123.61998057566598 42.4
-123.61431439700301 42.45
-123.60741578545259 42.5
-123.59927607695704 42.55
-123.59044607958144 42.6
-123.5802839713805 42.65
-123.56871625760832 42.7
-123.5556750670454 42.75
-123.54180053741104 42.8
-123.52695479870974 42.85
-123.51071492504475 42.9
-123.49369894133827 42.95
-123.47649433651296 43.0
-123.45850568534645 43.05
-123.44090095509411 43.1
-123.42407319565876 43.15
-123.40787217101125 43.2
-123.39350229753148 43.25
-123.38152833006868 43.3
-123.37186951628377 43.35
-123.36501940944478 43.4
-123.36133881102089 43.45
-123.36100678795938 43.5
-123.36399500701032 43.55
-123.37006872415489 43.6
-123.37881592546366 43.65
-123.3896934121283 43.7
-123.40216733956726 43.75
-123.41585349018743 43.8
-123.42957328971539 43.85
-123.44272828984265 43.9
-123.45483828946978 43.95
-123.46536955446292 44.0
-123.47389533113164 44.05
-123.48017498191466 44.1
-123.4840339188375 44.15
-123.48535471711253 44.2
-123.4840737027075 44.25
-123.48017866518202 44.3
-123.47370991990408 44.35
-123.46476344264443 44.4
-123.45349590060856 44.45
-123.43953831872965 44.5
-123.42329615049748 44.55
-123.40531425284311 44.6
-123.38490625992995 44.65
-123.36296512720364 44.7
-123.33962024238991 44.75
-123.31496715812456 44.8
-123.29006908871501 44.85
-123.26503082208811 44.9
-123.24168635955833 44.95
-123.22036652560024 45.0
-123.20389568740465 45.05
-123.19254914580121 45.1
-123.18758227024512 45.15
-123.18933494106957 45.2
-123.19691825869796 45.25
-123.20759525430566 45.3
-123.21980247769135 45.35
-123.23237493383427 45.4
-123.24410426762068 45.45
-123.2536243915256 45.5
-123.26074356665441 45.55
-123.26629989765027 45.6
-123.27042432711531 45.65
-123.27334987447779 45.7
-123.27534896705576 45.75
-123.27668947928966 45.8
-123.27760464590634 45.85
-123.27827890985961 45.9
-123.27884240650361 45.95
-123.27937418567251 46.0
-123.27990930176453 46.05
-123.28044688571802 46.1
-123.2809625416287 46.15
-123.28141609227097 46.2
-123.28176141689825 46.25
-123.28195464221977 46.3
-123.28195914316395 46.35
-123.28175342123177 46.4
-123.28133329572907 46.45
-123.28071650048332 46.5
-123.27994441905821 46.55
-123.27908189736858 46.6
-123.27821674690898 46.65
-123.27745691535807 46.7
-123.27692551662594 46.75
-123.27675550198691 46.8
-123.27708357148362 46.85
-123.27804186915726 46.9
-123.27975313891388 46.95
-123.28232386903277 47.0
-123.28584101824309 47.05
-123.29036829061691 47.1
-123.29594685417023 47.15
-123.30263640472019 47.2
-123.3104779277437 47.25
-123.31939404107311 47.3
-123.32935993091941 47.35
-123.34034717595472 47.4
-123.35237665463158 47.45
-123.3656182058907 47.5
-123.37987290108684 47.55
-123.39514616596847 47.6
-123.41181411806505 47.65
-123.42978489852973 47.7
-123.44896267247904 47.75
-123.47021487593422 47.8
-123.49297059911413 47.85
-123.51810946280389 47.9
-123.54535025548269 47.95
-123.57574539797926 48.0
-123.60891932563872 48.05
-123.64567437848771 48.1
-123.68658571417465 48.15
-123.73166947709346 48.2
-123.78130615306662 48.25
-123.83573819583312 48.3
-123.89506693247537 48.35
-123.95949884303491 48.4
-124.02874950612598 48.45
-124.10226620653091 48.5
-124.17937414002672 48.55
-124.2584973043844 48.6
-124.33792748189913 48.65
-124.4160785009931 48.7
-124.49218580679144 48.75
-124.56614034792692 48.8
-124.63888013853689 48.85
-124.71157473840593 48.9
-124.78565026758896 48.95
-124.86219725661385 49.0
-124.94140554240596 49.05
-125.0216981416929 49.1
-125.10092890477921 49.15
-125.17530210641445 49.2
-125.24433775951549 49.25
-125.30687767159317 49.3
-125.36356081390419 49.35
-125.41532508500356 49.4
-125.46295677748469 49.45
-125.50721942462717 49.5
-125.54877343576597 49.55
-125.58833048538366 49.6
-125.62639230282792 49.65
-125.66327831254802 49.7
-125.69925427767431 49.75
-125.73518824568744 49.8
-125.77080297837178 49.85
-125.80627811850033 49.9
-125.84242365632906 49.95
-125.87967689045894 50.0
nan 50.05
nan 50.1
nan 50.15
nan 50.2
nan 50.25
nan 50.3
nan 50.35
nan 50.4
nan 50.45
nan 50.5
nan 50.55
nan 50.6
nan 50.65
nan 50.7
nan 50.75
nan 50.8
nan 50.85
nan 50.9
nan 50.95
nan 51.0
nan 51.05
nan 51.1
nan 51.150000000000006
nan 51.2
nan 51.25
nan 51.3
nan 51.35
nan 51.400000000000006
nan 51.45
nan 51.5
nan 51.55
nan 51.6
nan 51.650000000000006
nan 51.7
nan 51.75
nan 51.8
nan 51.85
nan 51.900000000000006
nan 51.95
nan 52.0
nan 52.05
nan 52.1
nan 52.150000000000006
nan 52.2
nan 52.25
nan 52.3
nan 52.35
nan 52.400000000000006
nan 52.45
nan 52.5
nan 52.55
nan 52.6
nan 52.650000000000006
nan 52.7
nan 52.75
nan 52.8
nan 52.85
nan 52.900000000000006
nan 52.95
nan 53.0
nan 53.05
nan 53.1
nan 53.150000000000006
nan 53.2
nan 53.25
nan 53.3
nan 53.35
nan 53.400000000000006
nan 53.45
nan 53.5
nan 53.55
nan 53.6
nan 53.650000000000006
nan 53.7
nan 53.75
nan 53.8
nan 53.85
nan 53.900000000000006
nan 53.95
nan 54.0
