nan 35.0
nan 35.05
nan 35.1
nan 35.15
nan 35.2
nan 35.25
nan 35.3
nan 35.35
nan 35.4
nan 35.45
nan 35.5
nan 35.55
nan 35.6
nan 35.65
nan 35.7
nan 35.75
nan 35.8
nan 35.85
nan 35.9
nan 35.95
nan 36.0
nan 36.05
nan 36.1
nan 36.15
nan 36.2
nan 36.25
nan 36.3
nan 36.35
nan 36.4
nan 36.45
nan 36.5
nan 36.55
nan 36.6
nan 36.65
nan 36.7
nan 36.75
nan 36.8
nan 36.85
nan 36.9
nan 36.95
nan 37.0
nan 37.05
nan 37.1
nan 37.15
nan 37.2
nan 37.25
nan 37.3
nan 37.35
nan 37.4
nan 37.45
nan 37.5
nan 37.55
nan 37.6
nan 37.65
nan 37.7
nan 37.75
nan 37.8
nan 37.85
nan 37.9
nan 37.95
nan 38.0
nan 38.05
nan 38.1
nan 38.15
nan 38.2
nan 38.25
nan 38.3
nan 38.35
nan 38.4
nan 38.45
nan 38.5
nan 38.55
nan 38.6
nan 38.65
nan 38.7
nan 38.75
nan 38.8
nan 38.85
nan 38.9
nan 38.95
nan 39.0
nan 39.05
nan 39.1
nan 39.15
nan 39.2
nan 39.25
nan 39.3
-121.89490874887326 39.35
-121.87964549421575 39.4
-121.8648695163351 39.45
-121.85076039565662 39.5
-121.83842560553597 39.55
-121.82718219510961 39.6
-121.81715269131725 39.65
-121.80849027025697 39.7
-121.80131431443671 39.75
-121.79600344696047 39.8
-121.79227148962875 39.85
-121.79001679559477 39.9
-121.78919623085862 39.95
-121.78973895859508 40.0
-121.79155340882544 40.05
-121.79453515742021 40.1
-121.79857438150682 40.15
-121.8037984868846 40.2
-121.8100084508523 40.25
-121.8170137856326 40.3
-121.82473850832858 40.35
-121.83312508923376 40.4
-121.8421319113059 40.45
-121.85184299362766 40.5
-121.86266439024314 40.55
-121.87404233530265 40.6
-121.88594388642096 40.65
-121.89832310734337 40.7
-121.91189065157825 40.75
-121.9259135739972 40.8
-121.94016907663944 40.85
-121.95487366534228 40.9
-121.97027634593933 40.95
-121.98549930681085 41.0
-122.00043624900394 41.05
-122.01601313250345 41.1
-122.03098721021834 41.15
-122.04526819632656 41.2
-122.05948855589385 41.25
-122.07323450744252 41.3
-122.08612699371213 41.35
-122.09818807746743 41.4
-122.1102274421837 41.45
-122.12167251442645 41.5
-122.13248850353555 41.55
-122.14280239538998 41.6
-122.15296497806476 41.65
-122.16346651007892 41.7
-122.17391058399218 41.75
-122.18441141729505 41.8
-122.19502480887797 41.85
-122.20610621646824 41.9
-122.21752498529531 41.95
-122.22874931520163 42.0
-122.23948472979951 42.05
-122.24938711450457 42.1
-122.25850297374122 42.15
-122.26612126251474 42.2
-122.27191765725432 42.25
-122.27565483223896 42.3
-122.2771590260583 42.35
-122.27631521412334 42.4
-122.2730639572321 42.45
-122.26739763029585 42.5
-122.25935906915801 42.55
-122.24910423902705 42.6
-122.23743894008258 42.65
-122.22394099544876 42.7
-122.20882200885802 42.75
-122.1929078857607 42.8
-122.17657538676565 42.85
-122.15938683944529 42.9
-122.14225324040889 42.95
-122.12543855871208 43.0
-122.10838684134936 43.05
-122.09194311531058 43.1
-122.07615298198105 43.15
-122.06048227555483 43.2
-122.04538137810843 43.25
-122.0312398537595 43.3
-122.01733330256752 43.35
-122.00369261134031 43.4
-121.99096925419906 43.45
-121.97872580834 43.5
-121.96673277734008 43.55
-121.95501774912685 43.6
-121.94402650033783 43.65
-121.93369827040068 43.7
-121.92379580801263 43.75
-121.91442164728633 43.8
-121.90568948198269 43.85
-121.89785850449171 43.9
-121.8911899781205 43.95
-121.88538911684613 44.0
-121.88048450578718 44.05
-121.87645814472593 44.1
-121.87324459280858 44.15
-121.87073560621211 44.2
-121.86878929723862 44.25
-121.86724153564286 44.3
-121.86591777034728 44.35
-121.8646430500221 44.4
-121.86325000435147 44.45
-121.86158421256172 44.5
-121.8595077359753 44.55
-121.85690138612607 44.6
-121.85366607188205 44.65
-121.84973724450825 44.7
-121.84524349081697 44.75
-121.83997558811035 44.8
-121.8339306723317 44.85
-121.82713804253433 44.9
-121.81966272988713 44.95
-121.81160715854064 45.0
-121.80311023473271 45.05
-121.79450278736424 45.1
-121.78588561595443 45.15
-121.77736191058007 45.2
-121.76911698071511 45.25
-121.7613022247006 45.3
-121.75401243201101 45.35
-121.74734433617712 45.4
-121.74125758617022 45.45
-121.73549027641982 45.5
-121.72981419189512 45.55
-121.7239422542714 45.6
-121.71755627890433 45.65
-121.71033849518018 45.7
-121.70200250178601 45.75
-121.69269460063572 45.8
-121.68210875264833 45.85
-121.6701034691089 45.9
-121.65670769316503 45.95
-121.64250580928228 46.0
-121.62768703074501 46.05
-121.61202863540828 46.1
-121.59599315462339 46.15
-121.5803239120713 46.2
-121.56441272879287 46.25
-121.5484938594892 46.3
-121.53350546738756 46.35
-121.51860912067968 46.4
-121.50384201798879 46.45
-121.48987185064755 46.5
-121.47626703377183 46.55
-121.46275222544065 46.6
-121.44930574721349 46.65
-121.43654966204438 46.7
-121.42368643623618 46.75
-121.41063552373093 46.8
-121.39747146320333 46.85
-121.38460743737664 46.9
-121.37146032204743 46.95
-121.358050778466 47.0
-121.3447332649716 47.05
-121.33177102990824 47.1
-121.31889854376082 47.15
-121.30629761463814 47.2
-121.29446662301972 47.25
-121.2836212040439 47.3
-121.27364937138539 47.35
-121.26473628451659 47.4
-121.25704360153186 47.45
-121.25070446594873 47.5
-121.24600958739438 47.55
-121.2428056140921 47.6
-121.24111937354857 47.65
-121.24100224281072 47.7
-121.24250643347104 47.75
-121.24569141917512 47.8
-121.25065056244574 47.85
-121.25765099759741 47.9
-121.2666085842048 47.95
-121.2776092185142 48.0
-121.29073376431326 48.05
-121.3062216151273 48.1
-121.32423140993497 48.15
-121.34448756447252 48.2
-121.36741881274209 48.25
-121.39264660108894 48.3
-121.42045174366606 48.35
-121.45031365205861 48.4
-121.4826952105876 48.45
-121.51688141315363 48.5
-121.55262051342969 48.55
-121.58992798630435 48.6
-121.62815899329625 48.65
-121.66683559687836 48.7
-121.70559531853552 48.75
-121.74430705608553 48.8
-121.78282183682582 48.85
-121.82104207699543 48.9
-121.85917598668419 48.95
-121.89762823703654 49.0
-121.93702163164747 49.05
-121.97769932081434 49.1
-122.02022223588439 49.15
-122.06511416313626 49.2
-122.11277266046064 49.25
-122.16335419912882 49.3
-122.21666717048421 49.35
-122.2721333554372 49.4
-122.32886895574624 49.45
-122.38587816066757 49.5
-122.44228115932651 49.55
-122.4974809976502 49.6
-122.55122951572747 49.65
-122.603570046168 49.7
-122.65472077248978 49.75
-122.70503037304246 49.8
-122.75489514835196 49.85
-122.80471636770612 49.9
-122.85487430902764 49.95
nan 50.0
nan 50.05
nan 50.1
nan 50.15
nan 50.2
nan 50.25
nan 50.3
nan 50.35
nan 50.4
nan 50.45
nan 50.5
nan 50.55
nan 50.6
nan 50.65
nan 50.7
nan 50.75
nan 50.8
nan 50.85
nan 50.9
nan 50.95
nan 51.0
nan 51.05
nan 51.1
nan 51.150000000000006
nan 51.2
nan 51.25
nan 51.3
nan 51.35
nan 51.400000000000006
nan 51.45
nan 51.5
nan 51.55
nan 51.6
nan 51.650000000000006
nan 51.7
nan 51.75
nan 51.8
nan 51.85
nan 51.900000000000006
nan 51.95
nan 52.0
nan 52.05
nan 52.1
nan 52.150000000000006
nan 52.2
nan 52.25
nan 52.3
nan 52.35
nan 52.400000000000006
nan 52.45
nan 52.5
nan 52.55
nan 52.6
nan 52.650000000000006
nan 52.7
nan 52.75
nan 52.8
nan 52.85
nan 52.900000000000006
nan 52.95
nan 53.0
nan 53.05
nan 53.1
nan 53.150000000000006
nan 53.2
nan 53.25
nan 53.3
nan 53.35
nan 53.400000000000006
nan 53.45
nan 53.5
nan 53.55
nan 53.6
nan 53.650000000000006
nan 53.7
nan 53.75
nan 53.8
nan 53.85
nan 53.900000000000006
nan 53.95
nan 54.0
