nan 35.0
nan 35.05
nan 35.1
nan 35.15
nan 35.2
nan 35.25
nan 35.3
nan 35.35
nan 35.4
nan 35.45
nan 35.5
nan 35.55
nan 35.6
nan 35.65
nan 35.7
nan 35.75
nan 35.8
nan 35.85
nan 35.9
nan 35.95
nan 36.0
nan 36.05
nan 36.1
nan 36.15
nan 36.2
nan 36.25
nan 36.3
nan 36.35
nan 36.4
nan 36.45
nan 36.5
nan 36.55
nan 36.6
nan 36.65
nan 36.7
nan 36.75
nan 36.8
nan 36.85
nan 36.9
nan 36.95
nan 37.0
nan 37.05
nan 37.1
nan 37.15
nan 37.2
nan 37.25
nan 37.3
nan 37.35
nan 37.4
nan 37.45
nan 37.5
nan 37.55
nan 37.6
nan 37.65
nan 37.7
nan 37.75
nan 37.8
nan 37.85
nan 37.9
nan 37.95
nan 38.0
nan 38.05
nan 38.1
nan 38.15
nan 38.2
nan 38.25
nan 38.3
nan 38.35
nan 38.4
nan 38.45
nan 38.5
nan 38.55
nan 38.6
nan 38.65
nan 38.7
nan 38.75
nan 38.8
nan 38.85
nan 38.9
nan 38.95
nan 39.0
nan 39.05
nan 39.1
nan 39.15
nan 39.2
nan 39.25
nan 39.3
nan 39.35
nan 39.4
nan 39.45
nan 39.5
nan 39.55
nan 39.6
nan 39.65
nan 39.7
nan 39.75
nan 39.8
nan 39.85
nan 39.9
-123.58249627222537 39.95
-123.56675535157584 40.0
-123.55032270351191 40.05
-123.53412347132043 40.1
-123.51802965423774 40.15
-123.50247213584949 40.2
-123.4882328405453 40.25
-123.47538270784943 40.3
-123.4641931923256 40.35
-123.45494824316933 40.4
-123.44792246254825 40.45
-123.44328730820126 40.5
-123.44101722869087 40.55
-123.44115868764112 40.6
-123.44370792756547 40.65
-123.44861264667819 40.7
-123.45593853196056 40.75
-123.46548554254277 40.8
-123.4770185892424 40.85
-123.49028884511867 40.9
-123.50518069878306 40.95
-123.52160011467271 41.0
-123.53883099261111 41.05
-123.55677000808315 41.1
-123.57528585721387 41.15
-123.59351809424263 41.2
-123.6117248610042 41.25
-123.62938185960664 41.3
-123.64591584269682 41.35
-123.6618615045392 41.4
-123.67664002107725 41.45
-123.68995330541357 41.5
-123.70193368411663 41.55
-123.71312985889362 41.6
-123.72292617144626 41.65
-123.73141638484988 41.7
-123.738704184066 41.75
-123.744893812316 41.8
-123.75008959887539 41.85
-123.75470668330483 41.9
-123.75842265811296 41.95
-123.7612957409071 42.0
-123.76336743191057 42.05
-123.76466301114507 42.1
-123.76519323612771 42.15
-123.76495638242702 42.2
-123.76394036818516 42.25
-123.76212565873897 42.3
-123.75948774206759 42.35
-123.75599978546067 42.4
-123.75163503327082 42.45
-123.74665833193737 42.5
-123.74095862645352 42.55
-123.73438738290953 42.6
-123.72693476734538 42.65
-123.71860270176754 42.7
-123.70941039027277 42.75
-123.69944673440583 42.8
-123.68948549850683 42.85
-123.67890363309232 42.9
-123.66785767331396 42.95
-123.65657559189404 43.0
-123.64569664184802 43.05
-123.63569708731056 43.1
-123.62656675078803 43.15
-123.61884664849009 43.2
-123.6131157691897 43.25
-123.60992967588138 43.3
-123.60974177227412 43.35
-123.61282292220974 43.4
-123.61920065399256 43.45
-123.62863905524684 43.5
-123.64066731082413 43.55
-123.65479822599458 43.6
-123.67040266131055 43.65
-123.68639498494456 43.7
-123.70215614547854 43.75
-123.71720529220225 43.8
-123.73099173941709 43.85
-123.74328956445831 43.9
-123.75394326672728 43.95
-123.76285935441224 44.0
-123.77010506858694 44.05
-123.77574523313646 44.1
-123.77986585076457 44.15
-123.7825671501243 44.2
-123.78396018213066 44.25
-123.78416600926228 44.3
-123.78331701801733 44.35
-123.78155795112094 44.4
-123.77904728280765 44.45
-123.77595735854088 44.5
-123.7724724848741 44.55
-123.76878545498391 44.6
-123.76509115967185 44.65
-123.76157795433129 44.7
-123.75841672636774 44.75
-123.75574839808833 44.8
-123.75367174892727 44.85
-123.75223204077318 44.9
-123.75141391194546 44.95
-123.75113929835801 45.0
-123.75127028009095 45.05
-123.75162004870815 45.1
-123.75196659646618 45.15
-123.75207175208263 45.2
-123.75170052221715 45.25
-123.75063883405454 45.3
-123.74866689343662 45.35
-123.74565145279584 45.4
-123.74154575923652 45.45
-123.73634214706925 45.5
-123.73009227386625 45.55
-123.72290048432714 45.6
-123.71491503247294 45.65
-123.70631662945085 45.7
-123.69723698673339 45.75
-123.68781081958608 45.8
-123.67842372421735 45.85
-123.66926834868359 45.9
-123.66051240536304 45.95
-123.65229261620419 46.0
-123.64461828938255 46.05
-123.63764999189787 46.1
-123.63146255811738 46.15
-123.6260560472991 46.2
-123.62140687107954 46.25
-123.61747460087132 46.3
-123.61420959515317 46.35
-123.61155975542535 46.4
-123.60947786175859 46.45
-123.60792766332438 46.5
-123.60688900471362 46.55
-123.60636167268903 46.6
-123.6063670458971 46.65
-123.60694854703152 46.7
-123.6081699882614 46.75
-123.61011192229122 46.8
-123.61286663951736 46.85
-123.61653282067066 46.9
-123.62120947472577 46.95
-123.62699088753307 47.0
-123.63396248690981 47.05
-123.64219923831683 47.1
-123.65179338235208 47.15
-123.66295101948992 47.2
-123.67562980541857 47.25
-123.68989493021121 47.3
-123.70595740525013 47.35
-123.7241052786573 47.4
-123.74420534232945 47.45
-123.7668422036185 47.5
-123.79194552008497 47.55
-123.82002270616387 47.6
-123.85095838979728 47.65
-123.88542632767967 47.7
-123.92309812640852 47.75
-123.96398720459861 47.8
-124.0079213741024 47.85
-124.05453911116696 47.9
-124.10337468414897 47.95
-124.15396826954456 48.0
-124.20595536301407 48.05
-124.25910349077266 48.1
-124.31329119749944 48.15
-124.36844917359194 48.2
-124.42448832773154 48.25
-124.48125080076932 48.3
-124.53850243715435 48.35
-124.595975442208 48.4
-124.6533155408292 48.45
-124.71040257524434 48.5
-124.76744586530894 48.55
-124.82466098780223 48.6
-124.88238199466323 48.65
-124.94099526482191 48.7
-125.00081932794018 48.75
-125.06174766969538 48.8
-125.1238726403641 48.85
-125.18669509911956 48.9
-125.24942068597299 48.95
-125.3107279458532 49.0
-125.3702635952723 49.05
-125.42756702847919 49.1
-125.48247122483481 49.15
-125.5350925561236 49.2
-125.58575420693029 49.25
-125.6349067113215 49.3
-125.68306761034195 49.35
-125.73078477246504 49.4
-125.77861417841059 49.45
-125.82710353591226 49.5
-125.8767674492856 49.55
-125.92805128626492 49.6
-125.98128759841313 49.65
-126.03666476430081 49.7
-126.09423460566245 49.75
-126.15421733792336 49.8
-126.21682844585429 49.85
-126.28186552160602 49.9
-126.34971105877705 49.95
-126.42123567898483 50.0
nan 50.05
nan 50.1
nan 50.15
nan 50.2
nan 50.25
nan 50.3
nan 50.35
nan 50.4
nan 50.45
nan 50.5
nan 50.55
nan 50.6
nan 50.65
nan 50.7
nan 50.75
nan 50.8
nan 50.85
nan 50.9
nan 50.95
nan 51.0
nan 51.05
nan 51.1
nan 51.150000000000006
nan 51.2
nan 51.25
nan 51.3
nan 51.35
nan 51.400000000000006
nan 51.45
nan 51.5
nan 51.55
nan 51.6
nan 51.650000000000006
nan 51.7
nan 51.75
nan 51.8
nan 51.85
nan 51.900000000000006
nan 51.95
nan 52.0
nan 52.05
nan 52.1
nan 52.150000000000006
nan 52.2
nan 52.25
nan 52.3
nan 52.35
nan 52.400000000000006
nan 52.45
nan 52.5
nan 52.55
nan 52.6
nan 52.650000000000006
nan 52.7
nan 52.75
nan 52.8
nan 52.85
nan 52.900000000000006
nan 52.95
nan 53.0
nan 53.05
nan 53.1
nan 53.150000000000006
nan 53.2
nan 53.25
nan 53.3
nan 53.35
nan 53.400000000000006
nan 53.45
nan 53.5
nan 53.55
nan 53.6
nan 53.650000000000006
nan 53.7
nan 53.75
nan 53.8
nan 53.85
nan 53.900000000000006
nan 53.95
nan 54.0
