nan 35.0
nan 35.05
nan 35.1
nan 35.15
nan 35.2
nan 35.25
nan 35.3
nan 35.35
nan 35.4
nan 35.45
nan 35.5
nan 35.55
nan 35.6
nan 35.65
nan 35.7
nan 35.75
nan 35.8
nan 35.85
nan 35.9
nan 35.95
nan 36.0
nan 36.05
nan 36.1
nan 36.15
nan 36.2
nan 36.25
nan 36.3
nan 36.35
nan 36.4
nan 36.45
nan 36.5
nan 36.55
nan 36.6
nan 36.65
nan 36.7
nan 36.75
nan 36.8
nan 36.85
nan 36.9
nan 36.95
nan 37.0
nan 37.05
nan 37.1
nan 37.15
nan 37.2
nan 37.25
nan 37.3
nan 37.35
nan 37.4
nan 37.45
nan 37.5
nan 37.55
nan 37.6
nan 37.65
nan 37.7
nan 37.75
nan 37.8
nan 37.85
nan 37.9
nan 37.95
nan 38.0
nan 38.05
nan 38.1
nan 38.15
nan 38.2
nan 38.25
nan 38.3
nan 38.35
nan 38.4
nan 38.45
nan 38.5
nan 38.55
nan 38.6
nan 38.65
nan 38.7
nan 38.75
nan 38.8
nan 38.85
nan 38.9
nan 38.95
nan 39.0
nan 39.05
nan 39.1
nan 39.15
nan 39.2
nan 39.25
nan 39.3
nan 39.35
nan 39.4
nan 39.45
-122.32657380991877 39.5
-122.30615506856785 39.55
-122.287320646565 39.6
-122.26958724866911 39.65
-122.25269341869097 39.7
-122.2380912954782 39.75
-122.22501819579321 39.8
-122.21346756675194 39.85
-122.20362549706911 39.9
-122.19602951553256 39.95
-122.19049086598324 40.0
-122.186670667799 40.05
-122.18453223547338 40.1
-122.18401523594619 40.15
-122.18505146798559 40.2
-122.18757797046466 40.25
-122.19154603734984 40.3
-122.19692480367895 40.35
-122.20407461995272 40.4
-122.21306382779652 40.45
-122.2235782361389 40.5
-122.23561194227436 40.55
-122.24914674835992 40.6
-122.26545770978889 40.65
-122.28333077148933 40.7
-122.30280518005516 40.75
-122.32500863468432 40.8
-122.34836812289566 40.85
-122.37435503823492 40.9
-122.40140927838891 40.95
-122.43074912838007 41.0
-122.46122563952719 41.05
-122.49313483797327 41.1
-122.52639072565904 41.15
-122.56050639959132 41.2
-122.59543830434998 41.25
-122.63090142791569 41.3
-122.66642265346279 41.35
-122.70166516816504 41.4
-122.73609675826327 41.45
-122.76932630290342 41.5
-122.80103812387603 41.55
-122.8305820210839 41.6
-122.85806693459251 41.65
-122.8830443826971 41.7
-122.90569700613793 41.75
-122.92568131598331 41.8
-122.94341032239244 41.85
-122.95865870077353 41.9
-122.9715408069785 41.95
-122.98227924356293 42.0
-122.99091201893161 42.05
-122.99746294887359 42.1
-123.00188619397632 42.15
-123.00421659751643 42.2
-123.004510977532 42.25
-123.00274310617323 42.3
-122.9988447813052 42.35
-122.99267446437523 42.4
-122.98427716761334 42.45
-122.97362153471059 42.5
-122.96068104156305 42.55
-122.9453107860568 42.6
-122.9273328029289 42.65
-122.9070941562337 42.7
-122.88423392903633 42.75
-122.8591069081393 42.8
-122.83155366366799 42.85
-122.80205745739305 42.9
-122.7703691705096 42.95
-122.73724209948928 43.0
-122.70296311751727 43.05
-122.6678677960773 43.1
-122.6327886598093 43.15
-122.59826885880089 43.2
-122.5649256752124 43.25
-122.53327168956076 43.3
-122.50354256560445 43.35
-122.47626315820766 43.4
-122.4509096018977 43.45
-122.42816138969921 43.5
-122.40705888754279 43.55
-122.38795347640125 43.6
-122.37038530084561 43.65
-122.35381067358442 43.7
-122.33864966093658 43.75
-122.32428623892966 43.8
-122.3103479938658 43.85
-122.29688027957978 43.9
-122.28421548518823 43.95
-122.27171379809796 44.0
-122.25935471602476 44.05
-122.24734791438631 44.1
-122.23621629823464 44.15
-122.22542642615285 44.2
-122.21505578233219 44.25
-122.20518036378228 44.3
-122.19619008624524 44.35
-122.18818920025448 44.4
-122.18079149238622 44.45
-122.17398704303406 44.5
-122.16774950548474 44.55
-122.16204039111713 44.6
-122.15681425275633 44.65
-122.15202451334437 44.7
-122.14779797229333 44.75
-122.14403371384272 44.8
-122.14056220468659 44.85
-122.1373791094529 44.9
-122.13449740600817 44.95
-122.13194703019137 45.0
-122.12977135232528 45.05
-122.12802157344628 45.1
-122.12674841458048 45.15
-122.12599154794245 45.2
-122.12576807806266 45.25
-122.12606097421146 45.3
-122.12680958676155 45.35
-122.12790323944819 45.4
-122.12917916202525 45.45
-122.13042482704886 45.5
-122.13138479391357 45.55
-122.13177084811505 45.6
-122.13127313405664 45.65
-122.12957346712614 45.7
-122.12635709038149 45.75
-122.12132380384125 45.8
-122.11419886434533 45.85
-122.10474302808012 45.9
-122.09292680617351 45.95
-122.07870165643352 46.0
-122.06196613679718 46.05
-122.04307371126635 46.1
-122.02263140729464 46.15
-122.00055253709402 46.2
-121.97861448405601 46.25
-121.95622236430968 46.3
-121.93503077703824 46.35
-121.91483559159896 46.4
-121.89588788416658 46.45
-121.87930873277132 46.5
-121.8639243920963 46.55
-121.84976896907101 46.6
-121.83800391329156 46.65
-121.82715885553397 46.7
-121.81703890618329 46.75
-121.8074167839435 46.8
-121.79824248830606 46.85
-121.78981475790326 46.9
-121.78121398345938 46.95
-121.77229402787924 47.0
-121.76297095949181 47.05
-121.75323452165028 47.1
-121.74380216045026 47.15
-121.73449788249646 47.2
-121.72522097183139 47.25
-121.71623189859262 47.3
-121.70782603411503 47.35
-121.70031200236626 47.4
-121.69452136015562 47.45
-121.690080463588 47.5
-121.68716952772508 47.55
-121.6859554517832 47.6
-121.68656578829741 47.65
-121.68909681144497 47.7
-121.69362481904292 47.75
-121.7002353454485 47.8
-121.70972474630939 47.85
-121.72157056558783 47.9
-121.73582731046066 47.95
-121.75276780438249 48.0
-121.77364037044715 48.05
-121.79706176317652 48.1
-121.82495047689565 48.15
-121.85578392247396 48.2
-121.89069374985937 48.25
-121.9289889219584 48.3
-121.96976412308928 48.35
-122.01225492057455 48.4
-122.05548480115364 48.45
-122.09858226252355 48.5
-122.14107853767344 48.55
-122.18226986459885 48.6
-122.2221298972219 48.65
-122.26089258196292 48.7
-122.29903983409767 48.75
-122.33771105242417 48.8
-122.37688698398435 48.85
-122.41715295939017 48.9
-122.45902085260833 48.95
-122.50283833252679 49.0
-122.54877290325217 49.05
-122.59662691475106 49.1
-122.64590246396737 49.15
-122.69617068647173 49.2
-122.7470442704606 49.25
-122.79826787263464 49.3
-122.84974707333531 49.35
-122.9016179888931 49.4
-122.95397731394834 49.45
-123.00698727240585 49.5
-123.06080413258272 49.55
-123.11553166226923 49.6
-123.17121901185075 49.65
-123.22789114574691 49.7
-123.2856055815126 49.75
-123.34451726247171 49.8
-123.40526882683442 49.85
-123.46850541436157 49.9
-123.5345250734744 49.95
nan 50.0
nan 50.05
nan 50.1
nan 50.15
nan 50.2
nan 50.25
nan 50.3
nan 50.35
nan 50.4
nan 50.45
nan 50.5
nan 50.55
nan 50.6
nan 50.65
nan 50.7
nan 50.75
nan 50.8
nan 50.85
nan 50.9
nan 50.95
nan 51.0
nan 51.05
nan 51.1
nan 51.150000000000006
nan 51.2
nan 51.25
nan 51.3
nan 51.35
nan 51.400000000000006
nan 51.45
nan 51.5
nan 51.55
nan 51.6
nan 51.650000000000006
nan 51.7
nan 51.75
nan 51.8
nan 51.85
nan 51.900000000000006
nan 51.95
nan 52.0
nan 52.05
nan 52.1
nan 52.150000000000006
nan 52.2
nan 52.25
nan 52.3
nan 52.35
nan 52.400000000000006
nan 52.45
nan 52.5
nan 52.55
nan 52.6
nan 52.650000000000006
nan 52.7
nan 52.75
nan 52.8
nan 52.85
nan 52.900000000000006
nan 52.95
nan 53.0
nan 53.05
nan 53.1
nan 53.150000000000006
nan 53.2
nan 53.25
nan 53.3
nan 53.35
nan 53.400000000000006
nan 53.45
nan 53.5
nan 53.55
nan 53.6
nan 53.650000000000006
nan 53.7
nan 53.75
nan 53.8
nan 53.85
nan 53.900000000000006
nan 53.95
nan 54.0
