nan 35.0
nan 35.05
nan 35.1
nan 35.15
nan 35.2
nan 35.25
nan 35.3
nan 35.35
nan 35.4
nan 35.45
nan 35.5
nan 35.55
nan 35.6
nan 35.65
nan 35.7
nan 35.75
nan 35.8
nan 35.85
nan 35.9
nan 35.95
nan 36.0
nan 36.05
nan 36.1
nan 36.15
nan 36.2
nan 36.25
nan 36.3
nan 36.35
nan 36.4
nan 36.45
nan 36.5
nan 36.55
nan 36.6
nan 36.65
nan 36.7
nan 36.75
nan 36.8
nan 36.85
nan 36.9
nan 36.95
nan 37.0
nan 37.05
nan 37.1
nan 37.15
nan 37.2
nan 37.25
nan 37.3
nan 37.35
nan 37.4
nan 37.45
nan 37.5
nan 37.55
nan 37.6
nan 37.65
nan 37.7
nan 37.75
nan 37.8
nan 37.85
nan 37.9
nan 37.95
nan 38.0
nan 38.05
nan 38.1
nan 38.15
nan 38.2
nan 38.25
nan 38.3
nan 38.35
nan 38.4
nan 38.45
nan 38.5
nan 38.55
nan 38.6
nan 38.65
nan 38.7
nan 38.75
nan 38.8
nan 38.85
nan 38.9
nan 38.95
nan 39.0
nan 39.05
nan 39.1
nan 39.15
nan 39.2
nan 39.25
nan 39.3
nan 39.35
nan 39.4
nan 39.45
nan 39.5
nan 39.55
nan 39.6
nan 39.65
nan 39.7
nan 39.75
nan 39.8
nan 39.85
nan 39.9
nan 39.95
nan 40.0
nan 40.05
nan 40.1
nan 40.15
nan 40.2
-124.37623588085482 40.25
-124.35708988987064 40.3
-124.33830678674789 40.35
-124.32039329500037 40.4
-124.30388696135947 40.45
-124.28946938568123 40.5
-124.27761694517366 40.55
-124.26873486489119 40.6
-124.26314766172747 40.65
-124.26102506211248 40.7
-124.26236352394288 40.75
-124.26698679005331 40.8
-124.27456270839134 40.85
-124.28463318843663 40.9
-124.29665052292036 40.95
-124.31025685722712 41.0
-124.32468243184387 41.05
-124.33923233252803 41.1
-124.35340667867077 41.15
-124.36683331790253 41.2
-124.37894592843209 41.25
-124.38947699019926 41.3
-124.39827075247184 41.35
-124.4053546409696 41.4
-124.41070592040884 41.45
-124.41442415594503 41.5
-124.41669371084612 41.55
-124.41774248409835 41.6
-124.41782499824893 41.65
-124.41720661647285 41.7
-124.4161494094727 41.75
-124.41489993285003 41.8
-124.4136788725852 41.85
-124.41267304305569 41.9
-124.41203000379949 41.95
-124.41185519247114 42.0
-124.41221208438293 42.05
-124.41312440548585 42.1
-124.41458212483329 42.15
-124.41654867938426 42.2
-124.41897058955138 42.25
-124.4217874187971 42.3
-124.42494241396533 42.35
-124.42839250025222 42.4
-124.43211675822724 42.45
-124.4361231322105 42.5
-124.44045350270353 42.55
-124.44518520563699 42.6
-124.45044503279743 42.65
-124.4565421308075 42.7
-124.46346690789848 42.75
-124.47138906206689 42.8
-124.48046631072397 42.85
-124.49082331302644 42.9
-124.50259381869267 42.95
-124.51593337300423 43.0
-124.53044958926522 43.05
-124.54590132485195 43.1
-124.56211953627484 43.15
-124.57846526386248 43.2
-124.5943670208925 43.25
-124.60938743820543 43.3
-124.62296280838544 43.35
-124.63464655081883 43.4
-124.64414147200677 43.45
-124.65126397563056 43.5
-124.65595045937322 43.55
-124.65819395351693 43.6
-124.65811455577476 43.65
-124.65591273393937 43.7
-124.65185769668962 43.75
-124.64634035559659 43.8
-124.63974937562762 43.85
-124.6324585789665 43.9
-124.62487409605285 43.95
-124.61739014232369 44.0
-124.61037296235239 44.05
-124.60414621649765 44.1
-124.59901363458377 44.15
-124.59525116272488 44.2
-124.59285334675768 44.25
-124.59188275065087 44.3
-124.59234360752014 44.35
-124.59418657798454 44.4
-124.59731504557297 44.45
-124.60164509887342 44.5
-124.60706221067144 44.55
-124.61326025929156 44.6
-124.62001012212819 44.65
-124.62707469986022 44.7
-124.63421691588093 44.75
-124.64120740082774 44.8
-124.64783080334225 44.85
-124.65397487035692 44.9
-124.6594011080067 44.95
-124.66391942864807 45.0
-124.66741934685156 45.05
-124.669819453383 45.1
-124.671066356334 45.15
-124.67113298582738 45.2
-124.67001665359483 45.25
-124.66773676884857 45.3
-124.66433278638333 45.35
-124.65986221750202 45.4
-124.65439923027562 45.45
-124.64807735781189 45.5
-124.64108895731209 45.55
-124.6334679190604 45.6
-124.62535354216455 45.65
-124.61689992990001 45.7
-124.60827611558523 45.75
-124.59967471292853 45.8
-124.59152475569746 45.85
-124.5838106878195 45.9
-124.57673333374031 45.95
-124.57049234942079 46.0
-124.56528054686954 46.05
-124.56127835172622 46.1
-124.55864810681187 46.15
-124.5575294097505 46.2
-124.55803635712617 46.25
-124.5602558082578 46.3
-124.56424763548183 46.35
-124.57004637089469 46.4
-124.57766412726957 46.45
-124.5870939196317 46.5
-124.59831352168226 46.55
-124.61165999958511 46.6
-124.62677516633885 46.65
-124.643539444986 46.7
-124.66221722244516 46.75
-124.68257100112095 46.8
-124.70446777253399 46.85
-124.72812984783779 46.9
-124.75319790609215 46.95
-124.7799526484065 47.0
-124.80815209555296 47.05
-124.83792905973431 47.1
-124.86923282210728 47.15
-124.90202355103283 47.2
-124.93628222304507 47.25
-124.97188410483987 47.3
-125.00869550402672 47.35
-125.0465261127955 47.4
-125.0851680233921 47.45
-125.12440819947746 47.5
-125.16401022625597 47.55
-125.20374446955239 47.6
-125.24344257184234 47.65
-125.28296184846796 47.7
-125.32215485382949 47.75
-125.36093057325196 47.8
-125.39925843511271 47.85
-125.43733201457698 47.9
-125.47510929747537 47.95
-125.51271273738526 48.0
-125.55031374731178 48.05
-125.58837845492529 48.1
-125.62692653789674 48.15
-125.66617185070366 48.2
-125.70631614052307 48.25
-125.74757636731152 48.3
-125.79011341012959 48.35
-125.83379647792513 48.4
-125.87857162126917 48.45
-125.92434065071386 48.5
-125.97099874006449 48.55
-126.01848236709402 48.6
-126.0668190111497 48.65
-126.11617033120281 48.7
-126.1668624066807 48.75
-126.2193990486658 48.8
-126.27445422743436 48.85
-126.33283529604638 48.9
-126.39540210758625 48.95
-126.46328410610089 49.0
-126.53677869817666 49.05
-126.61584846975221 49.1
-126.69919951834129 49.15
-126.78463177443362 49.2
-126.86855869458323 49.25
-126.94766911588272 49.3
-127.01944932015066 49.35
-127.08315597779225 49.4
-127.13925276113969 49.45
-127.18891329439383 49.5
-127.2336038793217 49.55
-127.27476750847322 49.6
-127.31366311304073 49.65
-127.35132520292355 49.7
-127.3885671323154 49.75
-127.42626281789951 49.8
-127.46500809406936 49.85
-127.50530222259685 49.9
-127.54760583658344 49.95
-127.59231073736389 50.0
-127.6395831259758 50.05
nan 50.1
nan 50.15
nan 50.2
nan 50.25
nan 50.3
nan 50.35
nan 50.4
nan 50.45
nan 50.5
nan 50.55
nan 50.6
nan 50.65
nan 50.7
nan 50.75
nan 50.8
nan 50.85
nan 50.9
nan 50.95
nan 51.0
nan 51.05
nan 51.1
nan 51.150000000000006
nan 51.2
nan 51.25
nan 51.3
nan 51.35
nan 51.400000000000006
nan 51.45
nan 51.5
nan 51.55
nan 51.6
nan 51.650000000000006
nan 51.7
nan 51.75
nan 51.8
nan 51.85
nan 51.900000000000006
nan 51.95
nan 52.0
nan 52.05
nan 52.1
nan 52.150000000000006
nan 52.2
nan 52.25
nan 52.3
nan 52.35
nan 52.400000000000006
nan 52.45
nan 52.5
nan 52.55
nan 52.6
nan 52.650000000000006
nan 52.7
nan 52.75
nan 52.8
nan 52.85
nan 52.900000000000006
nan 52.95
nan 53.0
nan 53.05
nan 53.1
nan 53.150000000000006
nan 53.2
nan 53.25
nan 53.3
nan 53.35
nan 53.400000000000006
nan 53.45
nan 53.5
nan 53.55
nan 53.6
nan 53.650000000000006
nan 53.7
nan 53.75
nan 53.8
nan 53.85
nan 53.900000000000006
nan 53.95
nan 54.0
