nan 35.0
nan 35.05
nan 35.1
nan 35.15
nan 35.2
nan 35.25
nan 35.3
nan 35.35
nan 35.4
nan 35.45
nan 35.5
nan 35.55
nan 35.6
nan 35.65
nan 35.7
nan 35.75
nan 35.8
nan 35.85
nan 35.9
nan 35.95
nan 36.0
nan 36.05
nan 36.1
nan 36.15
nan 36.2
nan 36.25
nan 36.3
nan 36.35
nan 36.4
nan 36.45
nan 36.5
nan 36.55
nan 36.6
nan 36.65
nan 36.7
nan 36.75
nan 36.8
nan 36.85
nan 36.9
nan 36.95
nan 37.0
nan 37.05
nan 37.1
nan 37.15
nan 37.2
nan 37.25
nan 37.3
nan 37.35
nan 37.4
nan 37.45
nan 37.5
nan 37.55
nan 37.6
nan 37.65
nan 37.7
nan 37.75
nan 37.8
nan 37.85
nan 37.9
nan 37.95
nan 38.0
nan 38.05
nan 38.1
nan 38.15
nan 38.2
nan 38.25
nan 38.3
nan 38.35
nan 38.4
nan 38.45
nan 38.5
nan 38.55
nan 38.6
nan 38.65
nan 38.7
nan 38.75
nan 38.8
nan 38.85
nan 38.9
nan 38.95
nan 39.0
nan 39.05
nan 39.1
nan 39.15
nan 39.2
nan 39.25
nan 39.3
nan 39.35
nan 39.4
nan 39.45
nan 39.5
nan 39.55
nan 39.6
nan 39.65
nan 39.7
nan 39.75
nan 39.8
nan 39.85
nan 39.9
nan 39.95
nan 40.0
-123.79834115484607 40.05
-123.77977124539554 40.1
-123.76078459449724 40.15
-123.74220964851922 40.2
-123.72466578948847 40.25
-123.7082233520449 40.3
-123.69360538486087 40.35
-123.68120618844168 40.4
-123.67101873676592 40.45
-123.6632799929877 40.5
-123.65815066188654 40.55
-123.65571784718354 40.6
-123.65599926973276 40.65
-123.65894687930036 40.7
-123.66444952219794 40.75
-123.67233550535556 40.8
-123.6823747844026 40.85
-123.69428241998976 40.9
-123.70809537331151 40.95
-123.72342501511858 41.0
-123.73959320086857 41.05
-123.75651319391562 41.1
-123.77403543290507 41.15
-123.7912121302351 41.2
-123.80814430057562 41.25
-123.82458197931575 41.3
-123.8397791507276 41.35
-123.85379677173412 41.4
-123.86689454940144 41.45
-123.87842397303811 41.5
-123.88842306455933 41.55
-123.89697885827471 41.6
-123.90448725389687 41.65
-123.9109460704437 41.7
-123.91631604909242 41.75
-123.92074802591105 41.8
-123.92438095395381 41.85
-123.92733594515151 41.9
-123.92971236643706 41.95
-123.9315868998915 42.0
-123.93301348999147 42.05
-123.93402517671183 42.1
-123.93463707657384 42.15
-123.93485008280379 42.2
-123.93465521247477 42.25
-123.93403811230894 42.3
-123.93298434509423 42.35
-123.93148415704266 42.4
-123.92953722306076 42.45
-123.9271572464222 42.5
-123.92437562214049 42.55
-123.92124515381222 42.6
-123.91784210340808 42.65
-123.91426836709383 42.7
-123.91065240854304 42.75
-123.90714963482793 42.8
-123.90394164744397 42.85
-123.90123456790201 42.9
-123.89928337965512 42.95
-123.89830448294693 43.0
-123.89849901878654 43.05
-123.90011779125578 43.1
-123.90344167065301 43.15
-123.90857515316442 43.2
-123.91557794884167 43.25
-123.92439093652791 43.3
-123.93481448002099 43.35
-123.94650598061862 43.4
-123.9589827813576 43.45
-123.9716957833367 43.5
-123.98411993203986 43.55
-123.99578562728422 43.6
-124.00629448772857 43.65
-124.01544504767999 43.7
-124.02317484532674 43.75
-124.02950803288215 43.8
-124.03455085802052 43.85
-124.03845920184219 43.9
-124.04141060548459 43.95
-124.04358326983694 44.0
-124.04514346989448 44.05
-124.04623924254527 44.1
-124.04699981432336 44.15
-124.04753715771888 44.2
-124.04795025519569 44.25
-124.04832860922762 44.3
-124.04875596143116 44.35
-124.04931217970723 44.4
-124.0500738260664 44.45
-124.05110833334793 44.5
-124.05248259347441 44.55
-124.05424887960099 44.6
-124.05644226411758 44.65
-124.0590742305734 44.7
-124.06212678541641 44.75
-124.06554774697616 44.8
-124.06924820392821 44.85
-124.07310231935554 44.9
-124.07695144638383 44.95
-124.0806105495668 45.0
-124.08387812531397 45.05
-124.08654753489593 45.1
-124.08841973163507 45.15
-124.08931450689344 45.2
-124.08908087011608 45.25
-124.08760526265047 45.3
-124.08481660301108 45.35
-124.08068977151133 45.4
-124.07524591296061 45.45
-124.06855112162124 45.5
-124.06071316619858 45.55
-124.05187695748654 45.6
-124.0420842417912 45.65
-124.03164443049926 45.7
-124.0208156867902 45.75
-124.00982859277897 45.8
-123.99889715496188 45.85
-123.98814269899678 45.9
-123.97790257970486 45.95
-123.9683500235432 46.0
-123.95962781344856 46.05
-123.95184648451516 46.1
-123.94505168552229 46.15
-123.9393283617072 46.2
-123.93470848287203 46.25
-123.93118947209516 46.3
-123.92875388418564 46.35
-123.9273765709649 46.4
-123.92703115234885 46.45
-123.9276960136246 46.5
-123.929359884284 46.55
-123.93202604162524 46.6
-123.935714752657 46.65
-123.94046536606012 46.7
-123.94633610914515 46.75
-123.95340805304646 46.8
-123.96178002166575 46.85
-123.97155656046733 46.9
-123.98285934423537 46.95
-123.99582303756857 47.0
-124.01061273211856 47.05
-124.02737950860227 47.1
-124.04629247755021 47.15
-124.06754310846617 47.2
-124.09132448810561 47.25
-124.11780964387182 47.3
-124.14720531786796 47.35
-124.17956597355682 47.4
-124.21502353883814 47.45
-124.25353807726974 47.5
-124.29485521855383 47.55
-124.33866368939165 47.6
-124.38453550988606 47.65
-124.43189715428421 47.7
-124.4801292940394 47.75
-124.52863639506121 47.8
-124.57690869530414 47.85
-124.62456536583122 47.9
-124.67137031656553 47.95
-124.7172254897014 48.0
-124.7621499584997 48.05
-124.80625200379525 48.1
-124.84969376837226 48.15
-124.89248807537209 48.2
-124.93510785430166 48.25
-124.97782870625727 48.3
-125.02092803896502 48.35
-125.06467568287025 48.4
-125.10932164936213 48.45
-125.15507855776455 48.5
-125.2020961713483 48.55
-125.25043219904768 48.6
-125.30002758911657 48.65
-125.35069685865827 48.7
-125.40214709746516 48.75
-125.4540231910207 48.8
-125.5059739796155 48.85
-125.55772004658996 48.9
-125.60910551300772 48.95
-125.66012972599351 49.0
-125.71095719190737 49.05
-125.76191626513821 49.1
-125.81349262913542 49.15
-125.86632322117526 49.2
-125.92118578144569 49.25
-125.97897483335917 49.3
-126.04064848276997 49.35
-126.10743557493899 49.4
-126.18032333166344 49.45
-126.2592770938897 49.5
-126.34375919842765 49.55
-126.43127780183072 49.6
-126.51830771964175 49.65
-126.60186566549665 49.7
-126.679375967159 49.75
-126.75139446223916 49.8
-126.81724900231036 49.85
-126.87887063047853 49.9
-126.93721717116475 49.95
-126.99329282174874 50.0
-127.04807638287164 50.05
nan 50.1
nan 50.15
nan 50.2
nan 50.25
nan 50.3
nan 50.35
nan 50.4
nan 50.45
nan 50.5
nan 50.55
nan 50.6
nan 50.65
nan 50.7
nan 50.75
nan 50.8
nan 50.85
nan 50.9
nan 50.95
nan 51.0
nan 51.05
nan 51.1
nan 51.150000000000006
nan 51.2
nan 51.25
nan 51.3
nan 51.35
nan 51.400000000000006
nan 51.45
nan 51.5
nan 51.55
nan 51.6
nan 51.650000000000006
nan 51.7
nan 51.75
nan 51.8
nan 51.85
nan 51.900000000000006
nan 51.95
nan 52.0
nan 52.05
nan 52.1
nan 52.150000000000006
nan 52.2
nan 52.25
nan 52.3
nan 52.35
nan 52.400000000000006
nan 52.45
nan 52.5
nan 52.55
nan 52.6
nan 52.650000000000006
nan 52.7
nan 52.75
nan 52.8
nan 52.85
nan 52.900000000000006
nan 52.95
nan 53.0
nan 53.05
nan 53.1
nan 53.150000000000006
nan 53.2
nan 53.25
nan 53.3
nan 53.35
nan 53.400000000000006
nan 53.45
nan 53.5
nan 53.55
nan 53.6
nan 53.650000000000006
nan 53.7
nan 53.75
nan 53.8
nan 53.85
nan 53.900000000000006
nan 53.95
nan 54.0
