nan 35.0
nan 35.05
nan 35.1
nan 35.15
nan 35.2
nan 35.25
nan 35.3
nan 35.35
nan 35.4
nan 35.45
nan 35.5
nan 35.55
nan 35.6
nan 35.65
nan 35.7
nan 35.75
nan 35.8
nan 35.85
nan 35.9
nan 35.95
nan 36.0
nan 36.05
nan 36.1
nan 36.15
nan 36.2
nan 36.25
nan 36.3
nan 36.35
nan 36.4
nan 36.45
nan 36.5
nan 36.55
nan 36.6
nan 36.65
nan 36.7
nan 36.75
nan 36.8
nan 36.85
nan 36.9
nan 36.95
nan 37.0
nan 37.05
nan 37.1
nan 37.15
nan 37.2
nan 37.25
nan 37.3
nan 37.35
nan 37.4
nan 37.45
nan 37.5
nan 37.55
nan 37.6
nan 37.65
nan 37.7
nan 37.75
nan 37.8
nan 37.85
nan 37.9
nan 37.95
nan 38.0
nan 38.05
nan 38.1
nan 38.15
nan 38.2
nan 38.25
nan 38.3
nan 38.35
nan 38.4
nan 38.45
nan 38.5
nan 38.55
nan 38.6
nan 38.65
nan 38.7
nan 38.75
nan 38.8
nan 38.85
nan 38.9
nan 38.95
nan 39.0
nan 39.05
nan 39.1
nan 39.15
nan 39.2
nan 39.25
nan 39.3
nan 39.35
nan 39.4
nan 39.45
nan 39.5
nan 39.55
nan 39.6
-122.74803930131148 39.65
-122.72600370677976 39.7
-122.70405840230144 39.75
-122.68254109567691 39.8
-122.66166562527525 39.85
-122.64185976277196 39.9
-122.62351400670556 39.95
-122.6067576527354 40.0
-122.59210598770078 40.05
-122.5797255411293 40.1
-122.56961357657126 40.15
-122.56191084895985 40.2
-122.55672178537364 40.25
-122.55411983158754 40.3
-122.55415256332348 40.35
-122.55684259332638 40.4
-122.56218590155993 40.45
-122.57014852932316 40.5
-122.58066295150414 40.55
-122.59362629832879 40.6
-122.60924746038971 40.65
-122.6273396128953 40.7
-122.6474560817108 40.75
-122.66999659321475 40.8
-122.69425607464339 40.85
-122.72045881475417 40.9
-122.74804169764924 40.95
-122.77722644516298 41.0
-122.80739865654911 41.05
-122.83856476242723 41.1
-122.87036075761033 41.15
-122.90237400380663 41.2
-122.93445206183925 41.25
-122.9660491783286 41.3
-122.99679400408989 41.35
-123.0264480410281 41.4
-123.05455962239856 41.45
-123.08100198264229 41.5
-123.10551254317852 41.55
-123.12806690392256 41.6
-123.14851749369086 41.65
-123.1670181710407 41.7
-123.18346538196488 41.75
-123.1979358011515 41.8
-123.21061794366426 41.85
-123.22147394199627 41.9
-123.23056371002207 41.95
-123.23795326932533 42.0
-123.24369094881595 42.05
-123.24780696650063 42.1
-123.25031823673578 42.15
-123.25122507097282 42.2
-123.25047467574309 42.25
-123.2480636474237 42.3
-123.24395276530636 42.35
-123.23808168184092 42.4
-123.23038878079329 42.45
-123.2208045660048 42.5
-123.2092520123222 42.55
-123.19573043407425 42.6
-123.18034726520284 42.65
-123.16289587104711 42.7
-123.14345393418883 42.75
-123.12224763910164 42.8
-123.09908863522425 42.85
-123.07451861351807 42.9
-123.04832267966536 42.95
-123.02111865959648 43.0
-122.99284299939612 43.05
-122.96402843551739 43.1
-122.9348393884054 43.15
-122.90562062291332 43.2
-122.8767892132935 43.25
-122.84844091808435 43.3
-122.82118900633738 43.35
-122.79491833677412 43.4
-122.77020170143379 43.45
-122.74674501556673 43.5
-122.72517463009628 43.55
-122.7047886020756 43.6
-122.68616846362387 43.65
-122.66872851095621 43.7
-122.65198912211507 43.75
-122.63661321229407 43.8
-122.6215933945758 43.85
-122.60649745156017 43.9
-122.59172026797054 43.95
-122.57692644309995 44.0
-122.56141269471752 44.05
-122.54543875433372 44.1
-122.52961236393223 44.15
-122.51298242809656 44.2
-122.49602907866866 44.25
-122.47982868051287 44.3
-122.46342002273629 44.35
-122.44734109158293 44.4
-122.43290419166541 44.45
-122.41904505768473 44.5
-122.40596110910893 44.55
-122.3944336681482 44.6
-122.3844549956954 44.65
-122.37548081251393 44.7
-122.36753000424942 44.75
-122.36059758415453 44.8
-122.35466314755156 44.85
-122.34972585318269 44.9
-122.34605356643755 44.95
-122.34320388706772 45.0
-122.34116390199635 45.05
-122.33992409572916 45.1
-122.33947445104162 45.15
-122.33979810371255 45.2
-122.34086459535926 45.25
-122.34262342009642 45.3
-122.3449988173699 45.35
-122.34788704612697 45.4
-122.35123971226425 45.45
-122.35497588113478 45.5
-122.3587539959756 45.55
-122.36237697548455 45.6
-122.36564448441614 45.65
-122.36835974108725 45.7
-122.37033455717018 45.75
-122.37139331324775 45.8
-122.37137539975706 45.85
-122.37013759677333 45.9
-122.36755687610143 45.95
-122.36353461829093 46.0
-122.35800436881556 46.05
-122.35094203922226 46.1
-122.34277061211658 46.15
-122.33331866593991 46.2
-122.32271973604384 46.25
-122.3112489929802 46.3
-122.29930862800693 46.35
-122.2878529897853 46.4
-122.27678993629867 46.45
-122.26654547276121 46.5
-122.25747074670367 46.55
-122.24980177533298 46.6
-122.24389103419348 46.65
-122.23925386809813 46.7
-122.235661372683 46.75
-122.23279108941709 46.8
-122.23027327031494 46.85
-122.22773689628033 46.9
-122.22484854354099 46.95
-122.22134057971039 47.0
-122.2170294364576 47.05
-122.21182366356905 47.1
-122.20572654895656 47.15
-122.1988764692342 47.2
-122.19164815950207 47.25
-122.18408013118884 47.3
-122.17649544468617 47.35
-122.1692712271642 47.4
-122.16282639188665 47.45
-122.15761118937205 47.5
-122.15409587604452 47.55
-122.15275969735526 47.6
-122.1540771046353 47.65
-122.15849845925445 47.7
-122.16642321265714 47.75
-122.17816208546304 47.8
-122.19389300312127 47.85
-122.21456228327716 47.9
-122.23972343110816 47.95
-122.26947684048599 48.0
-122.30286324141416 48.05
-122.33956327673882 48.1
-122.37802490552042 48.15
-122.41716286258644 48.2
-122.45616327109862 48.25
-122.49460801849658 48.3
-122.53231189979229 48.35
-122.56920349499715 48.4
-122.60547572989397 48.45
-122.64166510614795 48.5
-122.67805938343159 48.55
-122.71483528809503 48.6
-122.75229989282361 48.65
-122.79105517234386 48.7
-122.83099422925942 48.75
-122.87212747548026 48.8
-122.91449056439477 48.85
-122.95809873581206 48.9
-123.00300236113168 48.95
-123.04937531161691 49.0
-123.09752942880947 49.05
-123.14766092671887 49.1
-123.200189555091 49.15
-123.25590663903996 49.2
-123.31495911768614 49.25
-123.37733021637543 49.3
-123.44256698128542 49.35
-123.51057772312907 49.4
-123.58011118056683 49.45
-123.64963538601276 49.5
-123.71997589541502 49.55
-123.79033189482149 49.6
-123.86253317994186 49.65
-123.93837256432033 49.7
-124.02055147226639 49.75
-124.11184778399782 49.8
-124.21548188342814 49.85
-124.3323883600583 49.9
-124.45831437037951 49.95
-124.58244506294932 50.0
nan 50.05
nan 50.1
nan 50.15
nan 50.2
nan 50.25
nan 50.3
nan 50.35
nan 50.4
nan 50.45
nan 50.5
nan 50.55
nan 50.6
nan 50.65
nan 50.7
nan 50.75
nan 50.8
nan 50.85
nan 50.9
nan 50.95
nan 51.0
nan 51.05
nan 51.1
nan 51.150000000000006
nan 51.2
nan 51.25
nan 51.3
nan 51.35
nan 51.400000000000006
nan 51.45
nan 51.5
nan 51.55
nan 51.6
nan 51.650000000000006
nan 51.7
nan 51.75
nan 51.8
nan 51.85
nan 51.900000000000006
nan 51.95
nan 52.0
nan 52.05
nan 52.1
nan 52.150000000000006
nan 52.2
nan 52.25
nan 52.3
nan 52.35
nan 52.400000000000006
nan 52.45
nan 52.5
nan 52.55
nan 52.6
nan 52.650000000000006
nan 52.7
nan 52.75
nan 52.8
nan 52.85
nan 52.900000000000006
nan 52.95
nan 53.0
nan 53.05
nan 53.1
nan 53.150000000000006
nan 53.2
nan 53.25
nan 53.3
nan 53.35
nan 53.400000000000006
nan 53.45
nan 53.5
nan 53.55
nan 53.6
nan 53.650000000000006
nan 53.7
nan 53.75
nan 53.8
nan 53.85
nan 53.900000000000006
nan 53.95
nan 54.0
