nan 35.0
nan 35.05
nan 35.1
nan 35.15
nan 35.2
nan 35.25
nan 35.3
nan 35.35
nan 35.4
nan 35.45
nan 35.5
nan 35.55
nan 35.6
nan 35.65
nan 35.7
nan 35.75
nan 35.8
nan 35.85
nan 35.9
nan 35.95
nan 36.0
nan 36.05
nan 36.1
nan 36.15
nan 36.2
nan 36.25
nan 36.3
nan 36.35
nan 36.4
nan 36.45
nan 36.5
nan 36.55
nan 36.6
nan 36.65
nan 36.7
nan 36.75
nan 36.8
nan 36.85
nan 36.9
nan 36.95
nan 37.0
nan 37.05
nan 37.1
nan 37.15
nan 37.2
nan 37.25
nan 37.3
nan 37.35
nan 37.4
nan 37.45
nan 37.5
nan 37.55
nan 37.6
nan 37.65
nan 37.7
nan 37.75
nan 37.8
nan 37.85
nan 37.9
nan 37.95
nan 38.0
nan 38.05
nan 38.1
nan 38.15
nan 38.2
nan 38.25
nan 38.3
nan 38.35
nan 38.4
nan 38.45
nan 38.5
nan 38.55
nan 38.6
nan 38.65
nan 38.7
nan 38.75
nan 38.8
nan 38.85
nan 38.9
nan 38.95
nan 39.0
nan 39.05
nan 39.1
nan 39.15
nan 39.2
nan 39.25
nan 39.3
nan 39.35
nan 39.4
nan 39.45
nan 39.5
nan 39.55
nan 39.6
nan 39.65
nan 39.7
nan 39.75
nan 39.8
-123.21377126712218 39.85
-123.19659015396303 39.9
-123.17919928997813 39.95
-123.16179057962137 40.0
-123.14475972244047 40.05
-123.12855776085291 40.1
-123.11345189264948 40.15
-123.09978871364265 40.2
-123.08800920086104 40.25
-123.07824319336872 40.3
-123.07069437906479 40.35
-123.06551645153021 40.4
-123.06281468546062 40.45
-123.06264999099488 40.5
-123.06504247714798 40.55
-123.06997433251267 40.6
-123.07739227392364 40.65
-123.08720697326413 40.7
-123.09929343339515 40.75
-123.11377655246484 40.8
-123.13025089179293 40.85
-123.14846184413241 40.9
-123.16856750933054 40.95
-123.18990267445126 41.0
-123.21239471967279 41.05
-123.23564404561672 41.1
-123.25926041256851 41.15
-123.28302112097131 41.2
-123.30635807437389 41.25
-123.32928512330054 41.3
-123.35103529506567 41.35
-123.3720936204519 41.4
-123.39156787837855 41.45
-123.40979065980243 41.5
-123.42663968344434 41.55
-123.44177696310213 41.6
-123.45552451102645 41.65
-123.4680348835198 41.7
-123.47898451213086 41.75
-123.48846509306875 41.8
-123.49656480155598 41.85
-123.5035624304904 41.9
-123.50945908717391 41.95
-123.51410660284357 42.0
-123.51754381335289 42.05
-123.51979389243985 42.1
-123.52086436294097 42.15
-123.52074815308272 42.2
-123.51942418365594 42.25
-123.51685787191248 42.3
-123.51300187464446 42.35
-123.50779597864506 42.4
-123.50116717850041 42.45
-123.49348985900679 42.5
-123.4844124556437 42.55
-123.47376519382475 42.6
-123.4614451256926 42.65
-123.44752012657992 42.7
-123.43263074625376 42.75
-123.41596350812335 42.8
-123.39763363058026 42.85
-123.37871473553841 42.9
-123.35822026576835 42.95
-123.33723045156914 43.0
-123.3157557338857 43.05
-123.29397741383772 43.1
-123.27301814462608 43.15
-123.25224060074959 43.2
-123.23335602582156 43.25
-123.21575853767595 43.3
-123.19975703640468 43.35
-123.18661905901739 43.4
-123.17563743913469 43.45
-123.16700992687007 43.5
-123.16082206802997 43.55
-123.15703210186322 43.6
-123.15546574371156 43.65
-123.15582192113568 43.7
-123.15768744240586 43.75
-123.16055752458561 43.8
-123.16385990473431 43.85
-123.16697891034666 43.9
-123.16927821119455 43.95
-123.170119310974 44.0
-123.16887537489013 44.05
-123.16494092237595 44.1
-123.1577348857401 44.15
-123.14677591915753 44.2
-123.13170949493826 44.25
-123.11183008087286 44.3
-123.08712298188237 44.35
-123.05731594575934 44.4
-123.02329762815509 44.45
-122.98546937585125 44.5
-122.94539752006094 44.55
-122.90566164075472 44.6
-122.86827591702527 44.65
-122.83362874486654 44.7
-122.80215366956179 44.75
-122.77652239855534 44.8
-122.75322557973028 44.85
-122.73526786645277 44.9
-122.72025052555936 44.95
-122.70775248808737 45.0
-122.69818685000007 45.05
-122.69209011056662 45.1
-122.68811548953654 45.15
-122.68616970859779 45.2
-122.68613510565093 45.25
-122.68787054118872 45.3
-122.69121361020979 45.35
-122.69598506677019 45.4
-122.70243139967421 45.45
-122.71101189264147 45.5
-122.72060192502954 45.55
-122.73097997646458 45.6
-122.74195846286239 45.65
-122.75412732403365 45.7
-122.76833015448534 45.75
-122.78262083023142 45.8
-122.79690892600532 45.85
-122.81317777512757 45.9
-122.82951011555596 45.95
-122.84522375426948 46.0
-122.86162801243587 46.05
-122.87742948024552 46.1
-122.8918712601734 46.15
-122.90531307926086 46.2
-122.91768529346437 46.25
-122.92830593598293 46.3
-122.93726042977718 46.35
-122.94465074124216 46.4
-122.95061816475618 46.45
-122.95539854744872 46.5
-122.95898675192572 46.55
-122.9615786427112 46.6
-122.96337220495796 46.65
-122.96456326129558 46.7
-122.9653426756069 46.75
-122.96589227528983 46.8
-122.96638310868661 46.85
-122.96697509376267 46.9
-122.96781762857641 46.95
-122.96905105200223 47.0
-122.97080843768946 47.05
-122.97321669958065 47.1
-122.9763966984166 47.15
-122.9804621593589 47.2
-122.98551672364133 47.25
-122.9916486873515 47.3
-122.99892593200215 47.35
-123.00746670472584 47.4
-123.01720170869883 47.45
-123.02809636513024 47.5
-123.04010353364791 47.55
-123.05317273529201 47.6
-123.06726497061982 47.65
-123.08225260180907 47.7
-123.09807850575855 47.75
-123.11485726261384 47.8
-123.13250342162547 47.85
-123.15104778127636 47.9
-123.17090738509201 47.95
-123.19189891762429 48.0
-123.2145466492125 48.05
-123.23891868225422 48.1
-123.26548285786164 48.15
-123.2943463889734 48.2
-123.32631724053297 48.25
-123.36125288334159 48.3
-123.39967670723235 48.35
-123.44250152234517 48.4
-123.48971548715988 48.45
-123.54184303203124 48.5
-123.599399480749 48.55
-123.66346925856324 48.6
-123.73396298347669 48.65
-123.81112591234935 48.7
-123.89440224225052 48.75
-123.98207734944775 48.8
-124.07128665406324 48.85
-124.15928490440072 48.9
-124.24416257524535 48.95
-124.3254233417118 49.0
-124.4039315318547 49.05
-124.48152173040536 49.1
-124.5605560744979 49.15
-124.6438486408272 49.2
-124.73386480792216 49.25
-124.83046413231092 49.3
-124.92875458036882 49.35
-125.02061132591615 49.4
-125.10135177743811 49.45
-125.16948129355504 49.5
-125.22808270109228 49.55
-125.27898803254647 49.6
-125.32403858235122 49.65
-125.36475953146694 49.7
-125.40229952097661 49.75
-125.43746400833005 49.8
-125.47123296158512 49.85
-125.50411328502938 49.9
-125.53677351414595 49.95
-125.56964649728118 50.0
nan 50.05
nan 50.1
nan 50.15
nan 50.2
nan 50.25
nan 50.3
nan 50.35
nan 50.4
nan 50.45
nan 50.5
nan 50.55
nan 50.6
nan 50.65
nan 50.7
nan 50.75
nan 50.8
nan 50.85
nan 50.9
nan 50.95
nan 51.0
nan 51.05
nan 51.1
nan 51.150000000000006
nan 51.2
nan 51.25
nan 51.3
nan 51.35
nan 51.400000000000006
nan 51.45
nan 51.5
nan 51.55
nan 51.6
nan 51.650000000000006
nan 51.7
nan 51.75
nan 51.8
nan 51.85
nan 51.900000000000006
nan 51.95
nan 52.0
nan 52.05
nan 52.1
nan 52.150000000000006
nan 52.2
nan 52.25
nan 52.3
nan 52.35
nan 52.400000000000006
nan 52.45
nan 52.5
nan 52.55
nan 52.6
nan 52.650000000000006
nan 52.7
nan 52.75
nan 52.8
nan 52.85
nan 52.900000000000006
nan 52.95
nan 53.0
nan 53.05
nan 53.1
nan 53.150000000000006
nan 53.2
nan 53.25
nan 53.3
nan 53.35
nan 53.400000000000006
nan 53.45
nan 53.5
nan 53.55
nan 53.6
nan 53.650000000000006
nan 53.7
nan 53.75
nan 53.8
nan 53.85
nan 53.900000000000006
nan 53.95
nan 54.0
