nan 35.0
nan 35.05
nan 35.1
nan 35.15
nan 35.2
nan 35.25
nan 35.3
nan 35.35
nan 35.4
nan 35.45
nan 35.5
nan 35.55
nan 35.6
nan 35.65
nan 35.7
nan 35.75
nan 35.8
nan 35.85
nan 35.9
nan 35.95
nan 36.0
nan 36.05
nan 36.1
nan 36.15
nan 36.2
nan 36.25
nan 36.3
nan 36.35
nan 36.4
nan 36.45
nan 36.5
nan 36.55
nan 36.6
nan 36.65
nan 36.7
nan 36.75
nan 36.8
nan 36.85
nan 36.9
nan 36.95
nan 37.0
nan 37.05
nan 37.1
nan 37.15
nan 37.2
nan 37.25
nan 37.3
nan 37.35
nan 37.4
nan 37.45
nan 37.5
nan 37.55
nan 37.6
nan 37.65
nan 37.7
nan 37.75
nan 37.8
nan 37.85
nan 37.9
nan 37.95
nan 38.0
nan 38.05
nan 38.1
nan 38.15
nan 38.2
nan 38.25
nan 38.3
nan 38.35
nan 38.4
nan 38.45
nan 38.5
nan 38.55
nan 38.6
nan 38.65
nan 38.7
nan 38.75
nan 38.8
nan 38.85
nan 38.9
nan 38.95
nan 39.0
nan 39.05
nan 39.1
nan 39.15
nan 39.2
nan 39.25
nan 39.3
nan 39.35
nan 39.4
nan 39.45
nan 39.5
nan 39.55
-122.58854843325088 39.6
-122.56615280290589 39.65
-122.54427794234704 39.7
-122.52347394977429 39.75
-122.50344421046098 39.8
-122.48520420909638 39.85
-122.46845746239403 39.9
-122.45333038851892 39.95
-122.44064268659798 40.0
-122.43010009010831 40.05
-122.42164224698139 40.1
-122.41535507736535 40.15
-122.41129009461248 40.2
-122.40947650113296 40.25
-122.40993016949551 40.3
-122.41265974682283 40.35
-122.41766685013125 40.4
-122.4249433881401 40.45
-122.4344653658117 40.5
-122.44618677869002 40.55
-122.46069562440447 40.6
-122.47758737285089 40.65
-122.49645826188507 40.7
-122.51804902653929 40.75
-122.54149249695091 40.8
-122.56709529852594 40.85
-122.59433983983139 40.9
-122.62342941447613 40.95
-122.65371682185341 41.0
-122.685440092357 41.05
-122.71808423962159 41.1
-122.7514011868277 41.15
-122.78532021316447 41.2
-122.81931698716166 41.25
-122.85304805469205 41.3
-122.88619510254807 41.35
-122.91831089226422 41.4
-122.9490433708345 41.45
-122.97807644631384 41.5
-123.00520174737214 41.55
-123.030203575146 41.6
-123.05306154076663 41.65
-123.07366785256882 41.7
-123.09210692205447 41.75
-123.10841057191182 41.8
-123.12262154054766 41.85
-123.13484455411844 41.9
-123.14515565217215 41.95
-123.15360988641477 42.0
-123.16024591620406 42.05
-123.16510476739153 42.1
-123.16820389016237 42.15
-123.16954243407683 42.2
-123.16910343582336 42.25
-123.16685542375326 42.3
-123.1627547628298 42.35
-123.1567474809369 42.4
-123.14877319518713 42.45
-123.13880098649413 42.5
-123.12677683822102 42.55
-123.1126466823466 42.6
-123.09636785122972 42.65
-123.07799845944368 42.7
-123.05752365858626 42.75
-123.03500704914799 42.8
-123.01058386165118 42.85
-122.98435160790622 42.9
-122.95654354739646 42.95
-122.92734055307012 43.0
-122.89703977670305 43.05
-122.86593528926912 43.1
-122.83435635695884 43.15
-122.80268744001111 43.2
-122.77135203463541 43.25
-122.74068496538861 43.3
-122.71113405063393 43.35
-122.68302542273132 43.4
-122.65647084157816 43.45
-122.63190344235994 43.5
-122.60899226132024 43.55
-122.58798846210189 43.6
-122.56864065002635 43.65
-122.5503255964505 43.7
-122.53383693196871 43.75
-122.51797207771517 43.8
-122.50243824350002 43.85
-122.48788697171487 43.9
-122.47344162461827 43.95
-122.458748396912 44.0
-122.44415071962695 44.05
-122.4298560021671 44.1
-122.41520619841846 44.15
-122.40024989344755 44.2
-122.3863868886911 44.25
-122.37260182834041 44.3
-122.3590413300968 44.35
-122.34625990233417 44.4
-122.33485903843096 44.45
-122.32415219101975 44.5
-122.31422955686399 44.55
-122.30515073192619 44.6
-122.2972213747063 44.65
-122.2905452538423 44.7
-122.28463360349228 44.75
-122.27945880817606 44.8
-122.27499264922078 44.85
-122.27121170467089 44.9
-122.26810067539405 44.95
-122.26565393564421 45.0
-122.26387440397187 45.05
-122.2627700476435 45.1
-122.2623479443749 45.15
-122.26260637716852 45.2
-122.2635266612309 45.25
-122.26506487238275 45.3
-122.26714565411031 45.35
-122.269658497402 45.4
-122.27245767768017 45.45
-122.2753651533391 45.5
-122.27817662205717 45.55
-122.28066899067457 45.6
-122.28260843869795 45.65
-122.28375823266803 45.7
-122.28388524528549 45.75
-122.28276530579407 45.8
-122.2801877116353 45.85
-122.2759594497242 45.9
-122.26991073154339 45.95
-122.26190214354153 46.0
-122.25183548012191 46.05
-122.24007358989878 46.1
-122.22644384187085 46.15
-122.21101812399083 46.2
-122.19431390662561 46.25
-122.17705514022154 46.3
-122.15922630071488 46.35
-122.14185711416728 46.4
-122.12557231009022 46.45
-122.11029722074099 46.5
-122.09665290873035 46.55
-122.08526151592282 46.6
-122.07541325710523 46.65
-122.0670043619963 46.7
-122.05981213059276 46.75
-122.05352404240473 46.8
-122.0479542479205 46.85
-122.04280272620655 46.9
-122.0374540882751 46.95
-122.03163490245711 47.0
-122.02514759022039 47.05
-122.01788633663358 47.1
-122.00984489252782 47.15
-122.0011185719181 47.2
-121.99253439303448 47.25
-121.98383546969319 47.3
-121.97526049209857 47.35
-121.96717994178067 47.4
-121.95998611360075 47.45
-121.95407400409003 47.5
-121.94984029837705 47.55
-121.94781611298042 47.6
-121.94792259362391 47.65
-121.95045345752723 47.7
-121.95608677268565 47.75
-121.96481412801543 47.8
-121.97678824190433 47.85
-121.99208909984833 47.9
-122.01187576339676 47.95
-122.03603668507819 48.0
-122.06471544990649 48.05
-122.09761554440048 48.1
-122.13538314296298 48.15
-122.17616903505647 48.2
-122.21897244151273 48.25
-122.26255222527939 48.3
-122.30578661698374 48.35
-122.34800068321252 48.4
-122.38904521977032 48.45
-122.42868245644553 48.5
-122.46716146964793 48.55
-122.50486167694817 48.6
-122.54260358848566 48.65
-122.58073670024322 48.7
-122.61946378285838 48.75
-122.65915066343695 48.8
-122.70005586677016 48.85
-122.7426654541845 48.9
-122.7865369813897 48.95
-122.83159499286816 49.0
-122.87775449788506 49.05
-122.92498256849285 49.1
-122.97333942139387 49.15
-123.02298535105298 49.2
-123.07415335305139 49.25
-123.12709059672142 49.3
-123.18198139642368 49.35
-123.23886853247168 49.4
-123.29760462169531 49.45
-123.35852947868302 49.5
-123.42084047932086 49.55
-123.48396992206604 49.6
-123.5478367928427 49.65
-123.61373796875874 49.7
-123.68170144233441 49.75
-123.7529183863647 49.8
-123.83034352263975 49.85
-123.91513890060129 49.9
-124.01014916435003 49.95
-124.11760989966866 50.0
nan 50.05
nan 50.1
nan 50.15
nan 50.2
nan 50.25
nan 50.3
nan 50.35
nan 50.4
nan 50.45
nan 50.5
nan 50.55
nan 50.6
nan 50.65
nan 50.7
nan 50.75
nan 50.8
nan 50.85
nan 50.9
nan 50.95
nan 51.0
nan 51.05
nan 51.1
nan 51.150000000000006
nan 51.2
nan 51.25
nan 51.3
nan 51.35
nan 51.400000000000006
nan 51.45
nan 51.5
nan 51.55
nan 51.6
nan 51.650000000000006
nan 51.7
nan 51.75
nan 51.8
nan 51.85
nan 51.900000000000006
nan 51.95
nan 52.0
nan 52.05
nan 52.1
nan 52.150000000000006
nan 52.2
nan 52.25
nan 52.3
nan 52.35
nan 52.400000000000006
nan 52.45
nan 52.5
nan 52.55
nan 52.6
nan 52.650000000000006
nan 52.7
nan 52.75
nan 52.8
nan 52.85
nan 52.900000000000006
nan 52.95
nan 53.0
nan 53.05
nan 53.1
nan 53.150000000000006
nan 53.2
nan 53.25
nan 53.3
nan 53.35
nan 53.400000000000006
nan 53.45
nan 53.5
nan 53.55
nan 53.6
nan 53.650000000000006
nan 53.7
nan 53.75
nan 53.8
nan 53.85
nan 53.900000000000006
nan 53.95
nan 54.0
