nan 35.0
nan 35.05
nan 35.1
nan 35.15
nan 35.2
nan 35.25
nan 35.3
nan 35.35
nan 35.4
nan 35.45
nan 35.5
nan 35.55
nan 35.6
nan 35.65
nan 35.7
nan 35.75
nan 35.8
nan 35.85
nan 35.9
nan 35.95
nan 36.0
nan 36.05
nan 36.1
nan 36.15
nan 36.2
nan 36.25
nan 36.3
nan 36.35
nan 36.4
nan 36.45
nan 36.5
nan 36.55
nan 36.6
nan 36.65
nan 36.7
nan 36.75
nan 36.8
nan 36.85
nan 36.9
nan 36.95
nan 37.0
nan 37.05
nan 37.1
nan 37.15
nan 37.2
nan 37.25
nan 37.3
nan 37.35
nan 37.4
nan 37.45
nan 37.5
nan 37.55
nan 37.6
nan 37.65
nan 37.7
nan 37.75
nan 37.8
nan 37.85
nan 37.9
nan 37.95
nan 38.0
nan 38.05
nan 38.1
nan 38.15
nan 38.2
nan 38.25
nan 38.3
nan 38.35
nan 38.4
nan 38.45
nan 38.5
nan 38.55
nan 38.6
nan 38.65
nan 38.7
nan 38.75
nan 38.8
nan 38.85
nan 38.9
nan 38.95
nan 39.0
nan 39.05
nan 39.1
nan 39.15
nan 39.2
nan 39.25
nan 39.3
nan 39.35
nan 39.4
nan 39.45
nan 39.5
-122.44491063355647 39.55
-122.42370550086942 39.6
-122.4029030886222 39.65
-122.38388423945942 39.7
-122.36588520480764 39.75
-122.34907703346259 39.8
-122.3347773348441 39.85
-122.32202808068266 39.9
-122.31103172922823 39.95
-122.30193290231085 40.0
-122.29525709881047 40.05
-122.29059572448864 40.1
-122.28778216974716 40.15
-122.28679381325735 40.2
-122.28760169477633 40.25
-122.29018079960956 40.3
-122.2945149944576 40.35
-122.30065337331781 40.4
-122.3092094079505 40.45
-122.31965781716679 40.5
-122.3319746700809 40.55
-122.34611614355788 40.6
-122.36299569029264 40.65
-122.38194433267785 40.7
-122.40267924935875 40.75
-122.42619397277244 40.8
-122.45108311717208 40.85
-122.47850629759317 40.9
-122.50722259333013 40.95
-122.5377358745876 41.0
-122.569590100315 41.05
-122.60247995648118 41.1
-122.63654724812989 41.15
-122.6712445798504 41.2
-122.70630898874438 41.25
-122.74148286990504 41.3
-122.77631990817105 41.35
-122.81041402476467 41.4
-122.84335273555021 41.45
-122.87471888159476 41.5
-122.90430105198661 41.55
-122.93168448100282 41.6
-122.95690471659202 41.65
-122.97969120347706 41.7
-123.00026258907774 41.75
-123.01833191131038 41.8
-123.03421752075994 41.85
-123.04798503515939 41.9
-123.05953429239405 41.95
-123.06904883123508 42.0
-123.07660973478558 42.05
-123.08224996712286 42.1
-123.08598508484903 42.15
-123.08781360198965 42.2
-123.08771939295602 42.25
-123.08567427045823 42.3
-123.08164093943408 42.35
-123.07557542684911 42.4
-123.06742988079264 42.45
-123.05715398151769 42.5
-123.04463259491219 42.55
-123.02982085293638 42.6
-123.01280392628478 42.65
-122.99349123622045 42.7
-122.97187185825594 42.75
-122.94815343966653 42.8
-122.92219088995984 42.85
-122.89437579426075 42.9
-122.86470414530615 42.95
-122.83351176428077 43.0
-122.8011692790099 43.05
-122.76783764747285 43.1
-122.73415260725538 43.15
-122.70055362254317 43.2
-122.6675403880654 43.25
-122.63563198776399 43.3
-122.60520371420166 43.35
-122.57677573910881 43.4
-122.55010689581498 43.45
-122.5259477525789 43.5
-122.50340079994878 43.55
-122.48311792385968 43.6
-122.46428756427281 43.65
-122.446702726799 43.7
-122.43072188263267 43.75
-122.41536598197001 43.8
-122.400401986179 43.85
-122.38654207630282 43.9
-122.37279904127436 43.95
-122.35902521895181 44.0
-122.34548517978003 44.05
-122.33251818806521 44.1
-122.31955097161988 44.15
-122.30665561655988 44.2
-122.29442200116517 44.25
-122.28305405563886 44.3
-122.27215017537998 44.35
-122.26181037158416 44.4
-122.2521169383008 44.45
-122.24372031505672 44.5
-122.2361853473604 44.55
-122.22932519517097 44.6
-122.22311789210742 44.65
-122.21753187991078 44.7
-122.21253160958727 44.75
-122.2080833600117 44.8
-122.20416051703239 44.85
-122.20074734315342 44.9
-122.19798204028638 44.95
-122.1957341122599 45.0
-122.19397691216068 45.05
-122.19274193224406 45.1
-122.19205972151059 45.15
-122.19195119209417 45.2
-122.192417561567 45.25
-122.19343051184671 45.3
-122.19492438789652 45.35
-122.19679107232196 45.4
-122.19887861043681 45.45
-122.20102575172515 45.5
-122.20299593970205 45.55
-122.20449186975533 45.6
-122.20523869371591 45.65
-122.2049543227286 45.7
-122.20335815518312 45.75
-122.20017778153542 45.8
-122.19528151359161 45.85
-122.18837868700413 45.9
-122.17927981125634 45.95
-122.16784464366744 46.0
-122.15398989151173 46.05
-122.13813026334584 46.1
-122.12026645494197 46.15
-122.10049481655892 46.2
-122.08020480665252 46.25
-122.05906338973253 46.3
-122.03836093136695 46.35
-122.01853266780108 46.4
-121.99948864393244 46.45
-121.9830261647643 46.5
-121.96790678644479 46.55
-121.95421992245736 46.6
-121.94271164841143 46.65
-121.932783654512 46.7
-121.92382624319067 46.75
-121.91557293021182 46.8
-121.90772832633408 46.85
-121.89999531798013 46.9
-121.89286251523723 46.95
-121.88536711695346 47.0
-121.87737058009215 47.05
-121.86881579000183 47.1
-121.85973484933896 47.15
-121.85025149660288 47.2
-121.8414649923304 47.25
-121.83277583142427 47.3
-121.8244667708794 47.35
-121.81686992034372 47.4
-121.8103197203333 47.45
-121.8051325232586 47.5
-121.80159065153404 47.55
-121.79994125323876 47.6
-121.80036600002833 47.65
-121.80304649550438 47.7
-121.80811198576257 47.75
-121.81567620841204 47.8
-121.82583534036492 47.85
-121.83866515368724 47.9
-121.85465932258649 47.95
-121.87483058625408 48.0
-121.89786227919248 48.05
-121.92599090347208 48.1
-121.9574415132506 48.15
-121.99323150249955 48.2
-122.03284155498666 48.25
-122.07499182657152 48.3
-122.11869195344512 48.35
-122.1627955353391 48.4
-122.206296756975 48.45
-122.24860996770283 48.5
-122.28979024753193 48.55
-122.32956617339335 48.6
-122.3682501613572 48.65
-122.40629732193399 48.7
-122.4445751581414 48.75
-122.48366865984892 48.8
-122.52372613729383 48.85
-122.56515570813563 48.9
-122.60820736468494 48.95
-122.65292857215684 49.0
-122.69921695886403 49.05
-122.74685173794913 49.1
-122.79543198263464 49.15
-122.84477615881292 49.2
-122.89481808264404 49.25
-122.94560766529773 49.3
-122.99727754623795 49.35
-123.0499895975952 49.4
-123.10417439874169 49.45
-123.15970691081782 49.5
-123.21653864670317 49.55
-123.27453986387415 49.6
-123.3335757050239 49.65
-123.39360900162728 49.7
-123.45515495652677 49.75
-123.51884563161794 49.8
-123.58490346348519 49.85
-123.65458179093933 49.9
-123.73011558823221 49.95
nan 50.0
nan 50.05
nan 50.1
nan 50.15
nan 50.2
nan 50.25
nan 50.3
nan 50.35
nan 50.4
nan 50.45
nan 50.5
nan 50.55
nan 50.6
nan 50.65
nan 50.7
nan 50.75
nan 50.8
nan 50.85
nan 50.9
nan 50.95
nan 51.0
nan 51.05
nan 51.1
nan 51.150000000000006
nan 51.2
nan 51.25
nan 51.3
nan 51.35
nan 51.400000000000006
nan 51.45
nan 51.5
nan 51.55
nan 51.6
nan 51.650000000000006
nan 51.7
nan 51.75
nan 51.8
nan 51.85
nan 51.900000000000006
nan 51.95
nan 52.0
nan 52.05
nan 52.1
nan 52.150000000000006
nan 52.2
nan 52.25
nan 52.3
nan 52.35
nan 52.400000000000006
nan 52.45
nan 52.5
nan 52.55
nan 52.6
nan 52.650000000000006
nan 52.7
nan 52.75
nan 52.8
nan 52.85
nan 52.900000000000006
nan 52.95
nan 53.0
nan 53.05
nan 53.1
nan 53.150000000000006
nan 53.2
nan 53.25
nan 53.3
nan 53.35
nan 53.400000000000006
nan 53.45
nan 53.5
nan 53.55
nan 53.6
nan 53.650000000000006
nan 53.7
nan 53.75
nan 53.8
nan 53.85
nan 53.900000000000006
nan 53.95
nan 54.0
