nan 35.0
nan 35.05
nan 35.1
nan 35.15
nan 35.2
nan 35.25
nan 35.3
nan 35.35
nan 35.4
nan 35.45
nan 35.5
nan 35.55
nan 35.6
nan 35.65
nan 35.7
nan 35.75
nan 35.8
nan 35.85
nan 35.9
nan 35.95
nan 36.0
nan 36.05
nan 36.1
nan 36.15
nan 36.2
nan 36.25
nan 36.3
nan 36.35
nan 36.4
nan 36.45
nan 36.5
nan 36.55
nan 36.6
nan 36.65
nan 36.7
nan 36.75
nan 36.8
nan 36.85
nan 36.9
nan 36.95
nan 37.0
nan 37.05
nan 37.1
nan 37.15
nan 37.2
nan 37.25
nan 37.3
nan 37.35
nan 37.4
nan 37.45
nan 37.5
nan 37.55
nan 37.6
nan 37.65
nan 37.7
nan 37.75
nan 37.8
nan 37.85
nan 37.9
nan 37.95
nan 38.0
nan 38.05
nan 38.1
nan 38.15
nan 38.2
nan 38.25
nan 38.3
nan 38.35
nan 38.4
nan 38.45
nan 38.5
nan 38.55
nan 38.6
nan 38.65
nan 38.7
nan 38.75
nan 38.8
nan 38.85
nan 38.9
nan 38.95
nan 39.0
nan 39.05
nan 39.1
nan 39.15
nan 39.2
nan 39.25
nan 39.3
nan 39.35
nan 39.4
nan 39.45
nan 39.5
nan 39.55
nan 39.6
nan 39.65
nan 39.7
-122.88954042536608 39.75
-122.86882140421517 39.8
-122.84814661956916 39.85
-122.82774303824554 39.9
-122.80807623227673 39.95
-122.78951232777467 40.0
-122.772431061816 40.05
-122.75713676873639 40.1
-122.74397095916416 40.15
-122.73317759917803 40.2
-122.7248611400405 40.25
-122.71915191788854 40.3
-122.71614084711337 40.35
-122.71588143343152 40.4
-122.71839055617036 40.45
-122.72364790746417 40.5
-122.73159557926869 40.55
-122.74213881450923 40.6
-122.7552647925606 40.65
-122.77094031104605 40.7
-122.78880540097035 40.75
-122.80884352092323 40.8
-122.83094126473665 40.85
-122.85472593370999 40.9
-122.88028715067338 40.95
-122.90711454759477 41.0
-122.93519649057228 41.05
-122.96410606507428 41.1
-122.99352570994944 41.15
-123.02324161607338 41.2
-123.05263540443376 41.25
-123.08162852611586 41.3
-123.10961512796366 41.35
-123.13642261706832 41.4
-123.1617489161337 41.45
-123.18542431977664 41.5
-123.20728729295868 41.55
-123.22739002342153 41.6
-123.24549190169584 41.65
-123.26190047446674 41.7
-123.27648357798202 41.75
-123.2892396720282 41.8
-123.30027025153781 41.85
-123.30988728740628 41.9
-123.31788290506029 41.95
-123.32432161594329 42.0
-123.32925045752354 42.05
-123.33269839369842 42.1
-123.33467702863479 42.15
-123.33518120411057 42.2
-123.33419049274205 42.25
-123.3316703298415 42.3
-123.3275727685238 42.35
-123.3218373259264 42.4
-123.31439133659092 42.45
-123.30515014190824 42.5
-123.29422694638838 42.55
-123.2816052039576 42.6
-123.2670301143687 42.65
-123.25041209348274 42.7
-123.2323604046859 42.75
-123.21233731529635 42.8
-123.1906521643487 42.85
-123.16759981464556 42.9
-123.14308316837804 42.95
-123.11774755110723 43.0
-123.09148408689222 43.05
-123.06494462979738 43.1
-123.03819948194813 43.15
-123.01171709533563 43.2
-122.98575095134402 43.25
-122.9605592411855 43.3
-122.93644001900715 43.35
-122.91354922323619 43.4
-122.89197706121323 43.45
-122.87201761192969 43.5
-122.85325466862055 43.55
-122.83622812115745 43.6
-122.82039735638988 43.65
-122.80542335509165 43.7
-122.791545715214 43.75
-122.77831921907426 43.8
-122.76510545454543 43.85
-122.75152365050253 43.9
-122.73813898137851 43.95
-122.72389317301388 44.0
-122.70833458611946 44.05
-122.69193216127368 44.1
-122.67465253581867 44.15
-122.65566882265445 44.2
-122.63642624971385 44.25
-122.61637932729809 44.3
-122.59569378364755 44.35
-122.57604420195759 44.4
-122.5561325231068 44.45
-122.5378414985952 44.5
-122.52075256303858 44.55
-122.50450617951357 44.6
-122.49053644815523 44.65
-122.47823203414436 44.7
-122.46719471044 44.75
-122.45747498508413 44.8
-122.44918310051446 44.85
-122.44285752956955 44.9
-122.43767807924935 44.95
-122.43361407170634 45.0
-122.43063388927848 45.05
-122.42870615179376 45.1
-122.42779732199126 45.15
-122.42786771524592 45.2
-122.42886645980602 45.25
-122.43072629105883 45.3
-122.43335956548121 45.35
-122.4366571621946 45.4
-122.44048966112477 45.45
-122.44471130235182 45.5
-122.44916617626546 45.55
-122.45405864490499 45.6
-122.45892644398003 45.65
-122.4635256393745 45.7
-122.46771231978735 45.75
-122.4713618707534 45.8
-122.47437008924469 45.85
-122.47665328894527 45.9
-122.47814877229436 45.95
-122.4788154266291 46.0
-122.4786360582136 46.05
-122.47762127160897 46.1
-122.47581485027465 46.15
-122.47329993151419 46.2
-122.470204380934 46.25
-122.46670219081487 46.3
-122.46300829050907 46.35
-122.45936316490709 46.4
-122.45600768366332 46.45
-122.45315088145172 46.5
-122.45093630756251 46.55
-122.44943906286048 46.6
-122.44860031723633 46.65
-122.44826278778858 46.7
-122.44823961165264 46.75
-122.4483088599527 46.8
-122.44824487886031 46.85
-122.44784470785058 46.9
-122.44694839170876 46.95
-122.44545115691578 47.0
-122.44330950812976 47.05
-122.44054345611305 47.1
-122.43723638374532 47.15
-122.43353318632869 47.2
-122.42963689162717 47.25
-122.42580488392653 47.3
-122.42234488130205 47.35
-122.41960774343698 47.4
-122.4179807267487 47.45
-122.41787678109974 47.5
-122.41972133444357 47.55
-122.42393348150976 47.6
-122.43090211659698 47.65
-122.44095431003502 47.7
-122.45437531141256 47.75
-122.47133552297673 47.8
-122.49161187554849 47.85
-122.51498939343787 47.9
-122.54096934230878 47.95
-122.56894560287704 48.0
-122.5983353728109 48.05
-122.62858729483466 48.1
-122.65935420282787 48.15
-122.69042436739414 48.2
-122.7217727786739 48.25
-122.75339040083973 48.3
-122.78560470673246 48.35
-122.81851164096626 48.4
-122.85225615636229 48.45
-122.88738717774298 48.5
-122.92387633193542 48.55
-122.96182841253882 48.6
-123.0013674915216 48.65
-123.04286097468794 48.7
-123.08616726627258 48.75
-123.13136983832561 48.8
-123.1786940643018 48.85
-123.22850662466199 48.9
-123.28133959221569 48.95
-123.33786571516345 49.0
-123.39879902914303 49.05
-123.46572579398774 49.1
-123.53809361663534 49.15
-123.61577926093406 49.2
-123.69666126195052 49.25
-123.77838913918892 49.3
-123.85805772858374 49.35
-123.93500914211894 49.4
-124.00975408318256 49.45
-124.08420749857507 49.5
-124.16087619325944 49.55
-124.24292507694845 49.6
-124.33390575552949 49.65
-124.43643520569971 49.7
-124.54986953747297 49.75
-124.66611947145516 49.8
-124.7727243717589 49.85
-124.863684356575 49.9
-124.94027971605593 49.95
-125.0062206614928 50.0
nan 50.05
nan 50.1
nan 50.15
nan 50.2
nan 50.25
nan 50.3
nan 50.35
nan 50.4
nan 50.45
nan 50.5
nan 50.55
nan 50.6
nan 50.65
nan 50.7
nan 50.75
nan 50.8
nan 50.85
nan 50.9
nan 50.95
nan 51.0
nan 51.05
nan 51.1
nan 51.150000000000006
nan 51.2
nan 51.25
nan 51.3
nan 51.35
nan 51.400000000000006
nan 51.45
nan 51.5
nan 51.55
nan 51.6
nan 51.650000000000006
nan 51.7
nan 51.75
nan 51.8
nan 51.85
nan 51.900000000000006
nan 51.95
nan 52.0
nan 52.05
nan 52.1
nan 52.150000000000006
nan 52.2
nan 52.25
nan 52.3
nan 52.35
nan 52.400000000000006
nan 52.45
nan 52.5
nan 52.55
nan 52.6
nan 52.650000000000006
nan 52.7
nan 52.75
nan 52.8
nan 52.85
nan 52.900000000000006
nan 52.95
nan 53.0
nan 53.05
nan 53.1
nan 53.150000000000006
nan 53.2
nan 53.25
nan 53.3
nan 53.35
nan 53.400000000000006
nan 53.45
nan 53.5
nan 53.55
nan 53.6
nan 53.650000000000006
nan 53.7
nan 53.75
nan 53.8
nan 53.85
nan 53.900000000000006
nan 53.95
nan 54.0
