nan 35.0
nan 35.05
nan 35.1
nan 35.15
nan 35.2
nan 35.25
nan 35.3
nan 35.35
nan 35.4
nan 35.45
nan 35.5
nan 35.55
nan 35.6
nan 35.65
nan 35.7
nan 35.75
nan 35.8
nan 35.85
nan 35.9
nan 35.95
nan 36.0
nan 36.05
nan 36.1
nan 36.15
nan 36.2
nan 36.25
nan 36.3
nan 36.35
nan 36.4
nan 36.45
nan 36.5
nan 36.55
nan 36.6
nan 36.65
nan 36.7
nan 36.75
nan 36.8
nan 36.85
nan 36.9
nan 36.95
nan 37.0
nan 37.05
nan 37.1
nan 37.15
nan 37.2
nan 37.25
nan 37.3
nan 37.35
nan 37.4
nan 37.45
nan 37.5
nan 37.55
nan 37.6
nan 37.65
nan 37.7
nan 37.75
nan 37.8
nan 37.85
nan 37.9
nan 37.95
nan 38.0
nan 38.05
nan 38.1
nan 38.15
nan 38.2
nan 38.25
nan 38.3
nan 38.35
nan 38.4
nan 38.45
nan 38.5
nan 38.55
nan 38.6
nan 38.65
nan 38.7
nan 38.75
nan 38.8
nan 38.85
nan 38.9
nan 38.95
nan 39.0
nan 39.05
nan 39.1
nan 39.15
nan 39.2
nan 39.25
nan 39.3
nan 39.35
nan 39.4
nan 39.45
nan 39.5
nan 39.55
nan 39.6
nan 39.65
nan 39.7
nan 39.75
nan 39.8
nan 39.85
nan 39.9
nan 39.95
nan 40.0
nan 40.05
nan 40.1
-124.06129607195476 40.15
-124.03854660287877 40.2
-124.01618350986149 40.25
-123.99465774188482 40.3
-123.97501950518287 40.35
-123.9572069838279 40.4
-123.94215472664533 40.45
-123.93015485386022 40.5
-123.92116855850806 40.55
-123.91539479291256 40.6
-123.9129190326549 40.65
-123.91371460793702 40.7
-123.91764905722437 40.75
-123.92449582386163 40.8
-123.93394654615054 40.85
-123.94562627798811 40.9
-123.95961059545246 40.95
-123.97523407497482 41.0
-123.99174476773243 41.05
-124.0090811479643 41.1
-124.02671701436662 41.15
-124.04376044176999 41.2
-124.06026174585917 41.25
-124.07566278044006 41.3
-124.08943861306949 41.35
-124.10150696028155 41.4
-124.11210819293265 41.45
-124.12087394368083 41.5
-124.12792712309952 41.55
-124.13344588122477 41.6
-124.13764492945175 41.65
-124.14075654924345 41.7
-124.1430143686637 41.75
-124.14463946691609 41.8
-124.14582993357939 41.85
-124.14675379734922 41.9
-124.14754540279591 41.95
-124.14830424924585 42.0
-124.14909620540918 42.05
-124.14995606082758 42.1
-124.15092855302669 42.15
-124.15197005936633 42.2
-124.15305186956361 42.25
-124.15413999126223 42.3
-124.15520183346287 42.35
-124.15621404488172 42.4
-124.15717001265368 42.45
-124.15808651019148 42.5
-124.15900936884336 42.55
-124.16001624189819 42.6
-124.16121864541849 42.65
-124.16275986156118 42.7
-124.1648117811841 42.75
-124.16756762587401 42.8
-124.17123250487828 42.85
-124.17601058597099 42.9
-124.18208954200199 42.95
-124.18962240819852 43.0
-124.19870613700836 43.05
-124.20946821113232 43.1
-124.22169262061617 43.15
-124.23514544587293 43.2
-124.24948831066752 43.25
-124.2642917310136 43.3
-124.27891669756303 43.35
-124.29278691779834 43.4
-124.30532846336467 43.45
-124.31604724076944 43.5
-124.32463696550082 43.55
-124.3309313292427 43.6
-124.33492569735911 43.65
-124.33676416774456 43.7
-124.33671078110959 43.75
-124.3351113609876 43.8
-124.33235364560305 43.85
-124.32883153650704 43.9
-124.32491708790283 43.95
-124.32094206776468 44.0
-124.31718756642327 44.05
-124.31388180040014 44.1
-124.31120223573375 44.15
-124.30928075895658 44.2
-124.30821066746985 44.25
-124.30805228931972 44.3
-124.30883881954065 44.35
-124.31057901441552 44.4
-124.31325935960179 44.45
-124.31684389652264 44.5
-124.32127279004634 44.55
-124.32646113521716 44.6
-124.33229687552762 44.65
-124.33864046608598 44.7
-124.34532600510889 44.75
-124.35216466077189 44.8
-124.35892857917916 44.85
-124.36539130737862 44.9
-124.3713404172657 44.95
-124.37657368566936 45.0
-124.3809065122975 45.05
-124.384179535496 45.1
-124.38626384424545 45.15
-124.38706412078517 45.2
-124.38652049722484 45.25
-124.38460822130772 45.3
-124.38133656524656 45.35
-124.37674643641691 45.4
-124.37090777344774 45.45
-124.3639173788874 45.5
-124.35589594676816 45.55
-124.34696697258885 45.6
-124.33729057856911 45.65
-124.32710139896906 45.7
-124.31660039413214 45.75
-124.305997581886 45.8
-124.29549882922596 45.85
-124.28534207310412 45.9
-124.27575340477655 45.95
-124.266921971644 46.0
-124.25901762678046 46.05
-124.2521863667169 46.1
-124.24656167199852 46.15
-124.24223789882154 46.2
-124.23927291067483 46.25
-124.23770841570135 46.3
-124.23756954106827 46.35
-124.23886956210207 46.4
-124.24161513413968 46.45
-124.24581086898921 46.5
-124.2514770767819 46.55
-124.25866492638534 46.6
-124.2673536267171 46.65
-124.27756870038772 46.7
-124.28934548030418 46.75
-124.30276044903148 46.8
-124.31796300212625 46.85
-124.33490025829853 46.9
-124.3536945848603 46.95
-124.37455399823084 47.0
-124.39743159718641 47.05
-124.42262423874588 47.1
-124.45009280473437 47.15
-124.4800963545128 47.2
-124.51260009602665 47.25
-124.54766023592063 47.3
-124.5851909652408 47.35
-124.62500049719947 47.4
-124.6667936525864 47.45
-124.71015679189561 47.5
-124.75459513082924 47.55
-124.79958004334469 47.6
-124.84453934821953 47.65
-124.88912398466002 47.7
-124.93301639672875 47.75
-124.97600574491442 47.8
-125.01798294613535 47.85
-125.05892833825689 47.9
-125.09887795076477 47.95
-125.1378286364682 48.0
-125.17614184028433 48.05
-125.21404350361095 48.1
-125.25178512649977 48.15
-125.28956877302082 48.2
-125.32779690067352 48.25
-125.36674438279226 48.3
-125.4066378060271 48.35
-125.44765826356051 48.4
-125.48994389228909 48.45
-125.5335164195072 48.5
-125.57830822962023 48.55
-125.62418300839708 48.6
-125.67096346648945 48.65
-125.7184734028963 48.7
-125.7665852354478 48.75
-125.81526528623252 48.8
-125.86461148043993 48.85
-125.9148809730313 48.9
-125.96650651652092 48.95
-126.02010376154453 49.0
-126.07646500768341 49.05
-126.13652971673892 49.1
-126.20135265931927 49.15
-126.27240716983894 49.2
-126.34977598433841 49.25
-126.43375664408931 49.3
-126.5221554802628 49.35
-126.61177513264622 49.4
-126.6988562640252 49.45
-126.78005849224047 49.5
-126.85444236957066 49.55
-126.9212914664057 49.6
-126.98184614411682 49.65
-127.03712487349274 49.7
-127.08832004379377 49.75
-127.1366199907531 49.8
-127.18310883281396 49.85
-127.22872832265905 49.9
-127.27427937769684 49.95
-127.32044138749549 50.0
-127.36779125311243 50.05
nan 50.1
nan 50.15
nan 50.2
nan 50.25
nan 50.3
nan 50.35
nan 50.4
nan 50.45
nan 50.5
nan 50.55
nan 50.6
nan 50.65
nan 50.7
nan 50.75
nan 50.8
nan 50.85
nan 50.9
nan 50.95
nan 51.0
nan 51.05
nan 51.1
nan 51.150000000000006
nan 51.2
nan 51.25
nan 51.3
nan 51.35
nan 51.400000000000006
nan 51.45
nan 51.5
nan 51.55
nan 51.6
nan 51.650000000000006
nan 51.7
nan 51.75
nan 51.8
nan 51.85
nan 51.900000000000006
nan 51.95
nan 52.0
nan 52.05
nan 52.1
nan 52.150000000000006
nan 52.2
nan 52.25
nan 52.3
nan 52.35
nan 52.400000000000006
nan 52.45
nan 52.5
nan 52.55
nan 52.6
nan 52.650000000000006
nan 52.7
nan 52.75
nan 52.8
nan 52.85
nan 52.900000000000006
nan 52.95
nan 53.0
nan 53.05
nan 53.1
nan 53.150000000000006
nan 53.2
nan 53.25
nan 53.3
nan 53.35
nan 53.400000000000006
nan 53.45
nan 53.5
nan 53.55
nan 53.6
nan 53.650000000000006
nan 53.7
nan 53.75
nan 53.8
nan 53.85
nan 53.900000000000006
nan 53.95
nan 54.0
