nan 35.0
nan 35.05
nan 35.1
nan 35.15
nan 35.2
nan 35.25
nan 35.3
nan 35.35
nan 35.4
nan 35.45
nan 35.5
nan 35.55
nan 35.6
nan 35.65
nan 35.7
nan 35.75
nan 35.8
nan 35.85
nan 35.9
nan 35.95
nan 36.0
nan 36.05
nan 36.1
nan 36.15
nan 36.2
nan 36.25
nan 36.3
nan 36.35
nan 36.4
nan 36.45
nan 36.5
nan 36.55
nan 36.6
nan 36.65
nan 36.7
nan 36.75
nan 36.8
nan 36.85
nan 36.9
nan 36.95
nan 37.0
nan 37.05
nan 37.1
nan 37.15
nan 37.2
nan 37.25
nan 37.3
nan 37.35
nan 37.4
nan 37.45
nan 37.5
nan 37.55
nan 37.6
nan 37.65
nan 37.7
nan 37.75
nan 37.8
nan 37.85
nan 37.9
nan 37.95
nan 38.0
nan 38.05
nan 38.1
nan 38.15
nan 38.2
nan 38.25
nan 38.3
nan 38.35
nan 38.4
nan 38.45
nan 38.5
nan 38.55
nan 38.6
nan 38.65
nan 38.7
nan 38.75
nan 38.8
nan 38.85
nan 38.9
nan 38.95
nan 39.0
nan 39.05
nan 39.1
nan 39.15
nan 39.2
nan 39.25
nan 39.3
nan 39.35
-122.07188733329576 39.4
-122.05443228584323 39.45
-122.03851072352977 39.5
-122.02357046997841 39.55
-122.00944069885026 39.6
-121.99668910570362 39.65
-121.9859758386477 39.7
-121.97665095318743 39.75
-121.96886298191447 39.8
-121.96271081778724 39.85
-121.95823787410272 39.9
-121.95543303336156 39.95
-121.95423740017159 40.0
-121.95455587437796 40.05
-121.95627082015066 40.1
-121.95925650208528 40.15
-121.96339184416556 40.2
-121.96857087270753 40.25
-121.97470914188017 40.3
-121.98174629188833 40.35
-121.98964521699337 40.4
-121.99838756678025 40.45
-122.00867125076283 40.5
-122.01998832544294 40.55
-122.03218765031158 40.6
-122.04525139365363 40.65
-122.05995915584853 40.7
-122.07590523908563 40.75
-122.09258088392629 40.8
-122.11075767351852 40.85
-122.13011844521485 40.9
-122.14989122899969 40.95
-122.17162815916444 41.0
-122.19356121427818 41.05
-122.21682411921957 41.1
-122.24064627138934 41.15
-122.26552897406228 41.2
-122.29113352169063 41.25
-122.3178419161959 41.3
-122.34528338124872 41.35
-122.3739625826868 41.4
-122.40329789321935 41.45
-122.43354047041242 41.5
-122.46411915974026 41.55
-122.49476948367287 41.6
-122.52475184582953 41.65
-122.55387714035611 41.7
-122.58107488061155 41.75
-122.6065102670823 41.8
-122.62924553121766 41.85
-122.64992195084703 41.9
-122.6672206464194 41.95
-122.68214381808365 42.0
-122.69460693162341 42.05
-122.70423866423721 42.1
-122.71107261873351 42.15
-122.71541626637213 42.2
-122.71723278476207 42.25
-122.71648304151078 42.3
-122.71312850196738 42.35
-122.70713520012005 42.4
-122.6983750512494 42.45
-122.68629686632887 42.5
-122.67144533858321 42.55
-122.65389637699442 42.6
-122.63278146516286 42.65
-122.60898716665254 42.7
-122.58213262991198 42.75
-122.55299210887776 42.8
-122.52141389151173 42.85
-122.48862752927705 42.9
-122.45509883213892 42.95
-122.42170266275174 43.0
-122.38917037487585 43.05
-122.35802743455272 43.1
-122.32883968206903 43.15
-122.30133246970813 43.2
-122.27632547775681 43.25
-122.2528199797087 43.3
-122.23163329870222 43.35
-122.21183658547807 43.4
-122.19355421082182 43.45
-122.17687133443515 43.5
-122.16107905385918 43.55
-122.14628340117228 43.6
-122.13272077351839 43.65
-122.11973847566738 43.7
-122.10728583121656 43.75
-122.09558574895058 43.8
-122.08475605349503 43.85
-122.07442745341383 43.9
-122.06463931572195 43.95
-122.05543915837977 44.0
-122.0470647290819 44.05
-122.03967013620806 44.1
-122.03294574961674 44.15
-122.02688145246782 44.2
-122.02144080120478 44.25
-122.016562510634 44.3
-122.01216577719009 44.35
-122.008155474122 44.4
-122.0044288459323 44.45
-122.0008816776116 44.5
-121.99757962656213 44.55
-121.99431303875703 44.6
-121.99094532734092 44.65
-121.98741153905671 44.7
-121.9836639695226 44.75
-121.97967497163417 44.8
-121.97544002224528 44.85
-121.9709798716233 44.9
-121.96634186754189 44.95
-121.96159970766169 45.0
-121.95684995386692 45.05
-121.95220540075888 45.1
-121.9478448715591 45.15
-121.94384925836991 45.2
-121.94024075334391 45.25
-121.93706922926687 45.3
-121.9343282877137 45.35
-121.93194243268698 45.4
-121.92976037997678 45.45
-121.92755597515527 45.5
-121.92503757651524 45.55
-121.92186458490336 45.6
-121.91766978381547 45.65
-121.91208438803957 45.7
-121.90476391722879 45.75
-121.89551656429956 45.8
-121.8842339958096 45.85
-121.87072788004697 45.9
-121.85499634009383 45.95
-121.83774568973077 46.0
-121.81903724953766 46.05
-121.79898626388562 46.1
-121.77918573692568 46.15
-121.75883039427386 46.2
-121.73909967704815 46.25
-121.72013056577867 46.3
-121.70147085147053 46.35
-121.68462562206767 46.4
-121.66847009109537 46.45
-121.65291729167285 46.5
-121.63893202279651 46.55
-121.62570564497268 46.6
-121.61291522010137 46.65
-121.60044471406788 46.7
-121.58909156356242 46.75
-121.57782965956773 46.8
-121.5664947501615 46.85
-121.55497459343425 46.9
-121.54369615293595 46.95
-121.53251654030585 47.0
-121.52108129757377 47.05
-121.5094611292117 47.1
-121.49794193534326 47.15
-121.48721447475585 47.2
-121.47682631094024 47.25
-121.46701566850331 47.3
-121.45803224505035 47.35
-121.45011947130341 47.4
-121.44391558448247 47.45
-121.43909241371196 47.5
-121.43577970365263 47.55
-121.43407965411716 47.6
-121.43406406315916 47.65
-121.43578292111434 47.7
-121.43927413748177 47.75
-121.44457317711002 47.8
-121.45181168169538 47.85
-121.46130897657443 47.9
-121.4728161146496 47.95
-121.48639254654923 48.0
-121.50220333527142 48.05
-121.52093309050156 48.1
-121.54190343923194 48.15
-121.56585251859495 48.2
-121.59239236808712 48.25
-121.62204331264957 48.3
-121.65408519515263 48.35
-121.68906935814991 48.4
-121.72630192852706 48.45
-121.76516878768332 48.5
-121.8051260204547 48.55
-121.8457541274191 48.6
-121.88646972088186 48.65
-121.92660707123014 48.7
-121.96595716656545 48.75
-122.00454552154838 48.8
-122.0429137331488 48.85
-122.0814075690904 48.9
-122.12039304765787 48.95
-122.16048634623839 49.0
-122.2023179736281 49.05
-122.24659857769294 49.1
-122.29351894257589 49.15
-122.34303630982468 49.2
-122.39486389285068 49.25
-122.44839929050384 49.3
-122.50294131621145 49.35
-122.55767888388934 49.4
-122.61198266705655 49.45
-122.66554211487185 49.5
-122.7182970262478 49.55
-122.77037352942 49.6
-122.8220114755028 49.65
-122.87350340064401 49.7
-122.92515216276092 49.75
-122.97724695535076 49.8
-123.03005468399218 49.85
-123.08382539260197 49.9
-123.13880721059648 49.95
nan 50.0
nan 50.05
nan 50.1
nan 50.15
nan 50.2
nan 50.25
nan 50.3
nan 50.35
nan 50.4
nan 50.45
nan 50.5
nan 50.55
nan 50.6
nan 50.65
nan 50.7
nan 50.75
nan 50.8
nan 50.85
nan 50.9
nan 50.95
nan 51.0
nan 51.05
nan 51.1
nan 51.150000000000006
nan 51.2
nan 51.25
nan 51.3
nan 51.35
nan 51.400000000000006
nan 51.45
nan 51.5
nan 51.55
nan 51.6
nan 51.650000000000006
nan 51.7
nan 51.75
nan 51.8
nan 51.85
nan 51.900000000000006
nan 51.95
nan 52.0
nan 52.05
nan 52.1
nan 52.150000000000006
nan 52.2
nan 52.25
nan 52.3
nan 52.35
nan 52.400000000000006
nan 52.45
nan 52.5
nan 52.55
nan 52.6
nan 52.650000000000006
nan 52.7
nan 52.75
nan 52.8
nan 52.85
nan 52.900000000000006
nan 52.95
nan 53.0
nan 53.05
nan 53.1
nan 53.150000000000006
nan 53.2
nan 53.25
nan 53.3
nan 53.35
nan 53.400000000000006
nan 53.45
nan 53.5
nan 53.55
nan 53.6
nan 53.650000000000006
nan 53.7
nan 53.75
nan 53.8
nan 53.85
nan 53.900000000000006
nan 53.95
nan 54.0
