nan 35.0
nan 35.05
nan 35.1
nan 35.15
nan 35.2
nan 35.25
nan 35.3
nan 35.35
nan 35.4
nan 35.45
nan 35.5
nan 35.55
nan 35.6
nan 35.65
nan 35.7
nan 35.75
nan 35.8
nan 35.85
nan 35.9
nan 35.95
nan 36.0
nan 36.05
nan 36.1
nan 36.15
nan 36.2
nan 36.25
nan 36.3
nan 36.35
nan 36.4
nan 36.45
nan 36.5
nan 36.55
nan 36.6
nan 36.65
nan 36.7
nan 36.75
nan 36.8
nan 36.85
nan 36.9
nan 36.95
nan 37.0
nan 37.05
nan 37.1
nan 37.15
nan 37.2
nan 37.25
nan 37.3
nan 37.35
nan 37.4
nan 37.45
nan 37.5
nan 37.55
nan 37.6
nan 37.65
nan 37.7
nan 37.75
nan 37.8
nan 37.85
nan 37.9
nan 37.95
nan 38.0
nan 38.05
nan 38.1
nan 38.15
nan 38.2
nan 38.25
nan 38.3
nan 38.35
nan 38.4
nan 38.45
nan 38.5
nan 38.55
nan 38.6
nan 38.65
nan 38.7
nan 38.75
nan 38.8
nan 38.85
nan 38.9
nan 38.95
nan 39.0
nan 39.05
nan 39.1
nan 39.15
nan 39.2
nan 39.25
nan 39.3
nan 39.35
-121.9370554484695 39.4
-121.9218280574869 39.45
-121.90718503155378 39.5
-121.89385325375045 39.55
-121.88204310374665 39.6
-121.87139733820484 39.65
-121.86209103085982 39.7
-121.85426691448289 39.75
-121.84817670259525 39.8
-121.84392288969954 39.85
-121.84118027681768 39.9
-121.83991112731843 39.95
-121.84004570634539 40.0
-121.84149012622662 40.05
-121.84413600818738 40.1
-121.8478694973886 40.15
-121.85277154558223 40.2
-121.85876107045641 40.25
-121.86558336324427 40.3
-121.87316606781327 40.35
-121.88145748920577 40.4
-121.89042343185218 40.45
-121.90004534538372 40.5
-121.91105066359678 40.55
-121.9227005946287 40.6
-121.93496858101629 40.65
-121.94781401489092 40.7
-121.96203598584495 40.75
-121.97687915657087 40.8
-121.99207277009239 40.85
-122.00809928819746 40.9
-122.02485798859749 40.95
-122.041580966316 41.0
-122.05880216231807 41.05
-122.0763986367443 41.1
-122.09360447594648 41.15
-122.11118039330582 41.2
-122.12873961448447 41.25
-122.14579126151718 41.3
-122.16329432667261 41.35
-122.1806802051614 41.4
-122.19774905324994 41.45
-122.21555392776679 41.5
-122.23341423132862 41.55
-122.25138774981646 41.6
-122.2702612614329 41.65
-122.2892998825165 41.7
-122.30866520133196 41.75
-122.32821030469309 41.8
-122.34749674266418 41.85
-122.36602443839699 41.9
-122.38349720596852 41.95
-122.39955679707798 42.0
-122.41327698726965 42.05
-122.42488306804778 42.1
-122.43412686497734 42.15
-122.44079156300518 42.2
-122.44471243042571 42.25
-122.44577373905767 42.3
-122.44390629297219 42.35
-122.43908265694202 42.4
-122.43131735294185 42.45
-122.4206699951971 42.5
-122.40724977587891 42.55
-122.39111680309729 42.6
-122.37255951871242 42.65
-122.35196971072186 42.7
-122.33004079117786 42.75
-122.30687781109465 42.8
-122.28348867139279 42.85
-122.25982678491832 42.9
-122.23670115033055 42.95
-122.21410907769734 43.0
-122.19225937641193 43.05
-122.17162734672527 43.1
-122.15145293181081 43.15
-122.13301544260075 43.2
-122.1152008043937 43.25
-122.09809979610927 43.3
-122.08250856933299 43.35
-122.06742221114993 43.4
-122.05283632114143 43.45
-122.03942110543969 43.5
-122.02658059040992 43.55
-122.01413444929325 43.6
-122.00209031368021 43.65
-121.99104167149632 43.7
-121.98054944721513 43.75
-121.97055610281869 43.8
-121.9611452607503 43.85
-121.9524074327048 43.9
-121.94477408953762 43.95
-121.93807168211025 44.0
-121.93219059810492 44.05
-121.92713261637341 44.1
-121.92285878612512 44.15
-121.91929124084935 44.2
-121.9163193492857 44.25
-121.9138086527166 44.3
-121.9116108404211 44.35
-121.90957304610494 44.4
-121.90754567512133 44.45
-121.90538815203777 44.5
-121.90297334225566 44.55
-121.90019008512617 44.6
-121.89710560015686 44.65
-121.89351099340134 44.7
-121.88934340975202 44.75
-121.88457386055184 44.8
-121.87919998261776 44.85
-121.87324938790795 44.9
-121.866782236062 44.95
-121.85989220417078 45.0
-121.85270464213956 45.05
-121.84550075797908 45.1
-121.83836688099537 45.15
-121.83138736137818 45.2
-121.82471339409547 45.25
-121.81845963061043 45.3
-121.81268335290524 45.35
-121.80736693865376 45.4
-121.80240775478735 45.45
-121.79767266061945 45.5
-121.79290616446804 45.55
-121.78774603675998 45.6
-121.7818581276849 45.65
-121.77491243644585 45.7
-121.76661408134558 45.75
-121.7567296169816 45.8
-121.7453323172285 45.85
-121.7325911252447 45.9
-121.71826380849905 45.95
-121.7024710819382 46.0
-121.68631240984708 46.05
-121.66939907629073 46.1
-121.6518036657654 46.15
-121.63487476309969 46.2
-121.61789155008383 46.25
-121.6008882589954 46.3
-121.58511569650526 46.35
-121.56962585017423 46.4
-121.55440173258356 46.45
-121.5401685716509 46.5
-121.52649496921445 46.55
-121.5130372587458 46.6
-121.49974036156792 46.65
-121.48733520767409 46.7
-121.47490594923542 46.75
-121.46235574703789 46.8
-121.44962089596561 46.85
-121.43738364217351 46.9
-121.42487269865423 46.95
-121.41209248888222 47.0
-121.3991462765199 47.05
-121.38679832790856 47.1
-121.37450143123509 47.15
-121.36243641420843 47.2
-121.35081508580267 47.25
-121.34042527540014 47.3
-121.33093623171808 47.35
-121.32250276191787 47.4
-121.31530171418694 47.45
-121.3094803816417 47.5
-121.30515429829634 47.55
-121.30240947811778 47.6
-121.30130829707548 47.65
-121.30189760660174 47.7
-121.30421825840081 47.75
-121.30831285018296 47.8
-121.31423152447387 47.85
-121.32203515367955 47.9
-121.33179367412546 47.95
-121.34358247296733 48.0
-121.3577262021047 48.05
-121.3742773580308 48.1
-121.39304350411359 48.15
-121.41448612599513 48.2
-121.4383603361091 48.25
-121.46483582807463 48.3
-121.49369373448974 48.35
-121.52518192550014 48.4
-121.55868911046907 48.45
-121.59423484603441 48.5
-121.63157909628119 48.55
-121.67000820761743 48.6
-121.70906780660613 48.65
-121.74836086420068 48.7
-121.78773188267424 48.75
-121.82666587174606 48.8
-121.86512735895388 48.85
-121.90326595827591 48.9
-121.94164099467191 48.95
-121.98058034449211 49.0
-122.02054261437944 49.05
-122.06211609365228 49.1
-122.10587283048568 49.15
-122.15227920701504 49.2
-122.20157590498552 49.25
-122.25366250438384 49.3
-122.30804601158478 49.35
-122.36391039609781 49.4
-122.42030108043866 49.45
-122.47635043395157 49.5
-122.53144560766405 49.55
-122.58529077428183 49.6
-122.63787444945598 49.65
-122.6893890913324 49.7
-122.74014663112261 49.75
-122.79051129425248 49.8
-122.8408553484574 49.85
-122.89153293003726 49.9
-122.94286847552361 49.95
nan 50.0
nan 50.05
nan 50.1
nan 50.15
nan 50.2
nan 50.25
nan 50.3
nan 50.35
nan 50.4
nan 50.45
nan 50.5
nan 50.55
nan 50.6
nan 50.65
nan 50.7
nan 50.75
nan 50.8
nan 50.85
nan 50.9
nan 50.95
nan 51.0
nan 51.05
nan 51.1
nan 51.150000000000006
nan 51.2
nan 51.25
nan 51.3
nan 51.35
nan 51.400000000000006
nan 51.45
nan 51.5
nan 51.55
nan 51.6
nan 51.650000000000006
nan 51.7
nan 51.75
nan 51.8
nan 51.85
nan 51.900000000000006
nan 51.95
nan 52.0
nan 52.05
nan 52.1
nan 52.150000000000006
nan 52.2
nan 52.25
nan 52.3
nan 52.35
nan 52.400000000000006
nan 52.45
nan 52.5
nan 52.55
nan 52.6
nan 52.650000000000006
nan 52.7
nan 52.75
nan 52.8
nan 52.85
nan 52.900000000000006
nan 52.95
nan 53.0
nan 53.05
nan 53.1
nan 53.150000000000006
nan 53.2
nan 53.25
nan 53.3
nan 53.35
nan 53.400000000000006
nan 53.45
nan 53.5
nan 53.55
nan 53.6
nan 53.650000000000006
nan 53.7
nan 53.75
nan 53.8
nan 53.85
nan 53.900000000000006
nan 53.95
nan 54.0
