nan 35.0
nan 35.05
nan 35.1
nan 35.15
nan 35.2
nan 35.25
nan 35.3
nan 35.35
nan 35.4
nan 35.45
nan 35.5
nan 35.55
nan 35.6
nan 35.65
nan 35.7
nan 35.75
nan 35.8
nan 35.85
nan 35.9
nan 35.95
nan 36.0
nan 36.05
nan 36.1
nan 36.15
nan 36.2
nan 36.25
nan 36.3
nan 36.35
nan 36.4
nan 36.45
nan 36.5
nan 36.55
nan 36.6
nan 36.65
nan 36.7
nan 36.75
nan 36.8
nan 36.85
nan 36.9
nan 36.95
nan 37.0
nan 37.05
nan 37.1
nan 37.15
nan 37.2
nan 37.25
nan 37.3
nan 37.35
nan 37.4
nan 37.45
nan 37.5
nan 37.55
nan 37.6
nan 37.65
nan 37.7
nan 37.75
nan 37.8
nan 37.85
nan 37.9
nan 37.95
nan 38.0
nan 38.05
nan 38.1
nan 38.15
nan 38.2
nan 38.25
nan 38.3
nan 38.35
nan 38.4
nan 38.45
nan 38.5
nan 38.55
nan 38.6
nan 38.65
nan 38.7
nan 38.75
nan 38.8
nan 38.85
nan 38.9
nan 38.95
nan 39.0
nan 39.05
nan 39.1
nan 39.15
nan 39.2
nan 39.25
nan 39.3
nan 39.35
nan 39.4
-122.13560337184086 39.45
-122.11825212940829 39.5
-122.10138753487061 39.55
-122.08660938139333 39.6
-122.07286726863714 39.65
-122.06027850891483 39.7
-122.04916439345125 39.75
-122.04046282398151 39.8
-122.03333798816071 39.85
-122.02786106090599 39.9
-122.02404668106269 39.95
-122.0218586145209 40.0
-122.02122055083956 40.05
-122.0220300113917 40.1
-122.02417408899235 40.15
-122.02754264577216 40.2
-122.03203970680096 40.25
-122.03759027390761 40.3
-122.04414327221234 40.35
-122.05183033646325 40.4
-122.06112405153331 40.45
-122.07145523374797 40.5
-122.08282518412285 40.55
-122.09522972626301 40.6
-122.10946428799768 40.65
-122.12519058357292 40.7
-122.14189045804021 40.75
-122.16033964529299 40.8
-122.18034066563634 40.85
-122.2011252735621 40.9
-122.22417599383398 40.95
-122.24769155734697 41.0
-122.27321259420951 41.05
-122.29921777003067 41.1
-122.32714540343957 41.15
-122.3556959769006 41.2
-122.38573086054755 41.25
-122.4167307407947 41.3
-122.44862828451421 41.35
-122.48152946281105 41.4
-122.51482403116135 41.45
-122.54828192385457 41.5
-122.5812366024755 41.55
-122.6133268105187 41.6
-122.64401956858443 41.65
-122.67259164122778 41.7
-122.69927934027388 41.75
-122.72296564620301 41.8
-122.74447126087892 41.85
-122.76302126209107 41.9
-122.77896976368407 41.95
-122.79254828828907 42.0
-122.80353280681308 42.05
-122.81181023146443 42.1
-122.8177575853261 42.15
-122.8213617204127 42.2
-122.82260025253359 42.25
-122.82144328629475 42.3
-122.81785728127865 42.35
-122.81180863069497 42.4
-122.80326858994829 42.45
-122.79178545896109 42.5
-122.77750927949623 42.55
-122.76066782975734 42.6
-122.74085662144229 42.65
-122.71802607924909 42.7
-122.69258045369328 42.75
-122.66418375150798 42.8
-122.6333857824037 42.85
-122.60069435204089 42.9
-122.56610530480317 42.95
-122.5308613443989 43.0
-122.49559904710374 43.05
-122.46100818749936 43.1
-122.42788548854352 43.15
-122.39652279098435 43.2
-122.36752442186139 43.25
-122.34064297331547 43.3
-122.316099283888 43.35
-122.29349411476775 43.4
-122.2730607069872 43.45
-122.25397560254943 43.5
-122.23675166336552 43.55
-122.2207198590777 43.6
-122.20554944250499 43.65
-122.19155543347833 43.7
-122.17843461837866 43.75
-122.16582683032486 43.8
-122.15367371542843 43.85
-122.14238789577608 43.9
-122.13173184003348 43.95
-122.12153286129299 44.0
-122.11182908602056 44.05
-122.10266353467874 44.1
-122.09446165147956 44.15
-122.08702817294387 44.2
-122.08019794997598 44.25
-122.07395139758864 44.3
-122.06824839098729 44.35
-122.06303059806525 44.4
-122.0582265828372 44.45
-122.05375701550504 44.5
-122.04957142516005 44.55
-122.04579907750671 44.6
-122.04210753238401 44.65
-122.03843543062098 44.7
-122.03473615655868 44.75
-122.03098042480454 44.8
-122.02715981646483 44.85
-122.02328855107606 44.9
-122.01940458470807 44.95
-122.01556880589179 45.0
-122.01186102733647 45.05
-122.00837405746377 45.1
-122.00520302877554 45.15
-122.00243284226741 45.2
-122.00012267038747 45.25
-121.9983239070306 45.3
-121.9969527496813 45.35
-121.99591316053998 45.4
-121.99504280698696 45.45
-121.9941115923569 45.5
-121.99283046173939 45.55
-121.99086588269087 45.6
-121.9878591694224 45.65
-121.98344772782136 45.7
-121.97728756053132 45.75
-121.96907324984336 45.8
-121.95855640902248 45.85
-121.94567453571014 45.9
-121.93060500739658 45.95
-121.9132209727917 46.0
-121.89396901499391 46.05
-121.87365810912966 46.1
-121.85204378696467 46.15
-121.83088816695766 46.2
-121.80952610181448 46.25
-121.78908168521058 46.3
-121.76974222395563 46.35
-121.75097136518721 46.4
-121.73438876224292 46.45
-121.71867197849569 46.5
-121.70373757894424 46.55
-121.69045445261486 46.6
-121.67810869906364 46.65
-121.66624852119284 46.7
-121.6547218827079 46.75
-121.64393094716722 46.8
-121.63355626020974 46.85
-121.62305854582677 46.9
-121.61232834098777 46.95
-121.60130028263957 47.0
-121.59078218433622 47.05
-121.58014306623402 47.1
-121.56938900085763 47.15
-121.5586915788101 47.2
-121.54840584478815 47.25
-121.5392811339006 47.3
-121.53090638999097 47.35
-121.52353273642716 47.4
-121.51739174474012 47.45
-121.51268309289817 47.5
-121.50956550288683 47.55
-121.50815575207405 47.6
-121.50853348538075 47.65
-121.51075021452455 47.7
-121.51484106151207 47.75
-121.5208361095449 47.8
-121.52876988523582 47.85
-121.53868705826326 47.9
-121.55068204049806 47.95
-121.56556245915681 48.0
-121.5826635486744 48.05
-121.60214859652952 48.1
-121.62505664326532 48.15
-121.65023739188375 48.2
-121.67921928976544 48.25
-121.71076106617421 48.3
-121.74519500163375 48.35
-121.78258772008371 48.4
-121.82189398114066 48.45
-121.8625276960691 48.5
-121.90378072263427 48.55
-121.94520191842106 48.6
-121.98617201898512 48.65
-122.0262066028235 48.7
-122.06528222773517 48.75
-122.10361319480847 48.8
-122.1420109587844 48.85
-122.18082760147375 48.9
-122.22050830584085 48.95
-122.26168277626724 49.0
-122.3049183573487 49.05
-122.35060935031136 49.1
-122.39890981414806 49.15
-122.4494471425725 49.2
-122.50174363579866 49.25
-122.55510020022892 49.3
-122.60880265625768 49.35
-122.662335679303 49.4
-122.71542251595403 49.45
-122.76800991383455 49.5
-122.8202103792746 49.55
-122.8722349216081 49.6
-122.92433603207017 49.65
-122.97676752119804 49.7
-123.02976380460687 49.75
-123.08353694186076 49.8
-123.13829150166202 49.85
-123.19424864948259 49.9
-123.25176686613872 49.95
nan 50.0
nan 50.05
nan 50.1
nan 50.15
nan 50.2
nan 50.25
nan 50.3
nan 50.35
nan 50.4
nan 50.45
nan 50.5
nan 50.55
nan 50.6
nan 50.65
nan 50.7
nan 50.75
nan 50.8
nan 50.85
nan 50.9
nan 50.95
nan 51.0
nan 51.05
nan 51.1
nan 51.150000000000006
nan 51.2
nan 51.25
nan 51.3
nan 51.35
nan 51.400000000000006
nan 51.45
nan 51.5
nan 51.55
nan 51.6
nan 51.650000000000006
nan 51.7
nan 51.75
nan 51.8
nan 51.85
nan 51.900000000000006
nan 51.95
nan 52.0
nan 52.05
nan 52.1
nan 52.150000000000006
nan 52.2
nan 52.25
nan 52.3
nan 52.35
nan 52.400000000000006
nan 52.45
nan 52.5
nan 52.55
nan 52.6
nan 52.650000000000006
nan 52.7
nan 52.75
nan 52.8
nan 52.85
nan 52.900000000000006
nan 52.95
nan 53.0
nan 53.05
nan 53.1
nan 53.150000000000006
nan 53.2
nan 53.25
nan 53.3
nan 53.35
nan 53.400000000000006
nan 53.45
nan 53.5
nan 53.55
nan 53.6
nan 53.650000000000006
nan 53.7
nan 53.75
nan 53.8
nan 53.85
nan 53.900000000000006
nan 53.95
nan 54.0
