nan 35.0
nan 35.05
nan 35.1
nan 35.15
nan 35.2
nan 35.25
nan 35.3
nan 35.35
nan 35.4
nan 35.45
nan 35.5
nan 35.55
nan 35.6
nan 35.65
nan 35.7
nan 35.75
nan 35.8
nan 35.85
nan 35.9
nan 35.95
nan 36.0
nan 36.05
nan 36.1
nan 36.15
nan 36.2
nan 36.25
nan 36.3
nan 36.35
nan 36.4
nan 36.45
nan 36.5
nan 36.55
nan 36.6
nan 36.65
nan 36.7
nan 36.75
nan 36.8
nan 36.85
nan 36.9
nan 36.95
nan 37.0
nan 37.05
nan 37.1
nan 37.15
nan 37.2
nan 37.25
nan 37.3
nan 37.35
nan 37.4
nan 37.45
nan 37.5
nan 37.55
nan 37.6
nan 37.65
nan 37.7
nan 37.75
nan 37.8
nan 37.85
nan 37.9
nan 37.95
nan 38.0
nan 38.05
nan 38.1
nan 38.15
nan 38.2
nan 38.25
nan 38.3
nan 38.35
nan 38.4
nan 38.45
nan 38.5
nan 38.55
nan 38.6
nan 38.65
nan 38.7
nan 38.75
nan 38.8
nan 38.85
nan 38.9
nan 38.95
nan 39.0
nan 39.05
nan 39.1
nan 39.15
nan 39.2
nan 39.25
nan 39.3
nan 39.35
nan 39.4
-122.23131715068995 39.45
-122.21214151943832 39.5
-122.19395527363851 39.55
-122.1774169849693 39.6
-122.16165309215314 39.65
-122.14721927185595 39.7
-122.13508561037341 39.75
-122.12437502787526 39.8
-122.1152668471097 39.85
-122.10788433987203 39.9
-122.10228780618114 39.95
-122.09862309465632 40.0
-122.09674511353798 40.05
-122.09635876478106 40.1
-122.09737410754305 40.15
-122.09970084218303 40.2
-122.10359266807495 40.25
-122.10879872333688 40.3
-122.11524159708468 40.35
-122.12289707509727 40.4
-122.13175824925044 40.45
-122.14182795026808 40.5
-122.15341561513667 40.55
-122.16711381468077 40.6
-122.18207987376367 40.65
-122.19826491562797 40.7
-122.21702857213764 40.75
-122.23704663402829 40.8
-122.2587245262591 40.85
-122.28237061274572 40.9
-122.30725983758592 40.95
-122.33408190533949 41.0
-122.36214953679634 41.05
-122.39165642760611 41.1
-122.42264475590322 41.15
-122.45459612947431 41.2
-122.48788430892178 41.25
-122.52199358719564 41.3
-122.55667510001449 41.35
-122.59168163543208 41.4
-122.62648191254702 41.45
-122.66066564310067 41.5
-122.69370891337172 41.55
-122.72501720009038 41.6
-122.7545306777368 41.65
-122.78151092673316 41.7
-122.80624953579883 41.75
-122.82818122115235 41.8
-122.84785302101977 41.85
-122.86461782240067 41.9
-122.87900824630546 41.95
-122.89112389778163 42.0
-122.90093917011664 42.05
-122.90822052222998 42.1
-122.91332589199409 42.15
-122.91625339314244 42.2
-122.91698769981289 42.25
-122.91550274800846 42.3
-122.91176525625507 42.35
-122.9057384638229 42.4
-122.89727532952047 42.45
-122.88613475918011 42.5
-122.87256424390611 42.55
-122.85657312789232 42.6
-122.83770281785918 42.65
-122.81621071799417 42.7
-122.7921655103629 42.75
-122.7653603060112 42.8
-122.73617225127352 42.85
-122.70483291140731 42.9
-122.67135175840404 42.95
-122.63661314543944 43.0
-122.60108493782545 43.05
-122.56527916984238 43.1
-122.53018069641148 43.15
-122.49632624506114 43.2
-122.46434845422132 43.25
-122.43451594369355 43.3
-122.40689874151843 43.35
-122.38178277045499 43.4
-122.3586722654364 43.45
-122.33772578039847 43.5
-122.31857992941798 43.55
-122.30068136878903 43.6
-122.28462283407079 43.65
-122.26946056059283 43.7
-122.25499307330809 43.75
-122.24153956176977 43.8
-122.22878327086369 43.85
-122.21638720743442 43.9
-122.20430156096225 43.95
-122.19295696294164 44.0
-122.18220722323557 44.05
-122.17184479535464 44.1
-122.16192101825362 44.15
-122.15248983596399 44.2
-122.14405577396934 44.25
-122.13636514602692 44.3
-122.1292497506275 44.35
-122.1226934292211 44.4
-122.11666214410762 44.45
-122.11110762487199 44.5
-122.10597220583641 44.55
-122.10119361333645 44.6
-122.09694254606643 44.65
-122.09298416853125 44.7
-122.08918678139075 44.75
-122.08551863924929 44.8
-122.08196552917617 44.85
-122.07853309310904 44.9
-122.07524766351061 44.95
-122.07215524085782 45.0
-122.06931789699917 45.05
-122.06680743862185 45.1
-122.06469636690768 45.15
-122.06304565605564 45.2
-122.06189159217476 45.25
-122.06123259659363 45.3
-122.06101756416065 45.35
-122.06113806196218 45.4
-122.06142495533332 45.45
-122.06165129968224 45.5
-122.06153916193965 45.55
-122.0607717107583 45.6
-122.0590070945319 45.65
-122.05589459627556 45.7
-122.05108953579324 45.75
-122.04434467141157 45.8
-122.03537913486004 45.85
-122.02398115999483 45.9
-122.01002107173359 45.95
-121.99365331222685 46.0
-121.97524779142452 46.05
-121.95473004542993 46.1
-121.9333246276721 46.15
-121.91100590263973 46.2
-121.88878519260712 46.25
-121.86719412757866 46.3
-121.84619136353037 46.35
-121.8271988489968 46.4
-121.80904383013153 46.45
-121.79259097422833 46.5
-121.77792916186671 46.55
-121.76421186718603 46.6
-121.7513458513894 46.65
-121.74020932097405 46.7
-121.72969824335091 46.75
-121.71949738909872 46.8
-121.7094132494379 46.85
-121.69933205051153 46.9
-121.68991646068709 46.95
-121.68020995849824 47.0
-121.67017103182849 47.05
-121.65982507461466 47.1
-121.649332948172 47.15
-121.63965528375455 47.2
-121.63014643595126 47.25
-121.62105771997653 47.3
-121.6126654167595 47.35
-121.60524987191432 47.4
-121.59914841347961 47.45
-121.59481356838918 47.5
-121.59199656305361 47.55
-121.59083085058123 47.6
-121.59141310136191 47.65
-121.59381191428024 47.7
-121.59807882430412 47.75
-121.604579216936 47.8
-121.61330804460133 47.85
-121.62416402198359 47.9
-121.63720165828482 47.95
-121.65266183220226 48.0
-121.67148702060214 48.05
-121.69269897938727 48.1
-121.71748023218552 48.15
-121.74509776238457 48.2
-121.77662800204821 48.25
-121.81095780038282 48.3
-121.84814691834693 48.35
-121.88826877486535 48.4
-121.92990038300665 48.45
-121.97223586517872 48.5
-122.01446616847753 48.55
-122.05594530582547 48.6
-122.09649343118733 48.65
-122.13621602336751 48.7
-122.17500939343216 48.75
-122.21328121916326 48.8
-122.25157698732836 48.85
-122.29105562778965 48.9
-122.33187658270936 48.95
-122.37449109181921 49.0
-122.41927620019145 49.05
-122.4663516790549 49.1
-122.51553117127747 49.15
-122.5663618630062 49.2
-122.61825567033469 49.25
-122.67065144180889 49.3
-122.72313968584893 49.35
-122.77551427588541 49.4
-122.82775558746171 49.45
-122.87997812209271 49.5
-122.93236851966654 49.55
-122.98513324237598 49.6
-123.03846207414702 49.65
-123.0925135663453 49.7
-123.14742328660563 49.75
-123.20353975677449 49.8
-123.26106573333776 49.85
-123.32012089451246 49.9
-123.38110443148732 49.95
nan 50.0
nan 50.05
nan 50.1
nan 50.15
nan 50.2
nan 50.25
nan 50.3
nan 50.35
nan 50.4
nan 50.45
nan 50.5
nan 50.55
nan 50.6
nan 50.65
nan 50.7
nan 50.75
nan 50.8
nan 50.85
nan 50.9
nan 50.95
nan 51.0
nan 51.05
nan 51.1
nan 51.150000000000006
nan 51.2
nan 51.25
nan 51.3
nan 51.35
nan 51.400000000000006
nan 51.45
nan 51.5
nan 51.55
nan 51.6
nan 51.650000000000006
nan 51.7
nan 51.75
nan 51.8
nan 51.85
nan 51.900000000000006
nan 51.95
nan 52.0
nan 52.05
nan 52.1
nan 52.150000000000006
nan 52.2
nan 52.25
nan 52.3
nan 52.35
nan 52.400000000000006
nan 52.45
nan 52.5
nan 52.55
nan 52.6
nan 52.650000000000006
nan 52.7
nan 52.75
nan 52.8
nan 52.85
nan 52.900000000000006
nan 52.95
nan 53.0
nan 53.05
nan 53.1
nan 53.150000000000006
nan 53.2
nan 53.25
nan 53.3
nan 53.35
nan 53.400000000000006
nan 53.45
nan 53.5
nan 53.55
nan 53.6
nan 53.650000000000006
nan 53.7
nan 53.75
nan 53.8
nan 53.85
nan 53.900000000000006
nan 53.95
nan 54.0
