nan 35.0
nan 35.05
nan 35.1
nan 35.15
nan 35.2
nan 35.25
nan 35.3
nan 35.35
nan 35.4
nan 35.45
nan 35.5
nan 35.55
nan 35.6
nan 35.65
nan 35.7
nan 35.75
nan 35.8
nan 35.85
nan 35.9
nan 35.95
nan 36.0
nan 36.05
nan 36.1
nan 36.15
nan 36.2
nan 36.25
nan 36.3
nan 36.35
nan 36.4
nan 36.45
nan 36.5
nan 36.55
nan 36.6
nan 36.65
nan 36.7
nan 36.75
nan 36.8
nan 36.85
nan 36.9
nan 36.95
nan 37.0
nan 37.05
nan 37.1
nan 37.15
nan 37.2
nan 37.25
nan 37.3
nan 37.35
nan 37.4
nan 37.45
nan 37.5
nan 37.55
nan 37.6
nan 37.65
nan 37.7
nan 37.75
nan 37.8
nan 37.85
nan 37.9
nan 37.95
nan 38.0
nan 38.05
nan 38.1
nan 38.15
nan 38.2
nan 38.25
nan 38.3
nan 38.35
nan 38.4
nan 38.45
nan 38.5
nan 38.55
nan 38.6
nan 38.65
nan 38.7
nan 38.75
nan 38.8
nan 38.85
nan 38.9
nan 38.95
nan 39.0
nan 39.05
nan 39.1
nan 39.15
nan 39.2
nan 39.25
nan 39.3
nan 39.35
-122.00004257971132 39.4
-121.98441149438527 39.45
-121.96928122718191 39.5
-121.95484702440646 39.55
-121.94206854950066 39.6
-121.93078572346093 39.65
-121.92078957836085 39.7
-121.9122460984123 39.75
-121.90527965981518 39.8
-121.89996738477718 39.85
-121.89662395652974 39.9
-121.89478557794826 39.95
-121.89438754905197 40.0
-121.89533791428208 40.05
-121.89752783638596 40.1
-121.90091313209452 40.15
-121.90559637186593 40.2
-121.9112563046036 40.25
-121.91780266321541 40.3
-121.92516819788914 40.35
-121.9333080551925 40.4
-121.94219588776627 40.45
-121.95196656816977 40.5
-121.9631475631461 40.55
-121.9750811197779 40.6
-121.9877457898123 40.65
-122.00119793306135 40.7
-122.01635536717598 40.75
-122.03209491428588 40.8
-122.04831885798981 40.85
-122.0661658324128 40.9
-122.0843988733515 40.95
-122.10298986817955 41.0
-122.12287620435153 41.05
-122.14266601903752 41.1
-122.16326847877058 41.15
-122.18423142765653 41.2
-122.20536270984691 41.25
-122.22743751601654 41.3
-122.2494442010884 41.35
-122.27273395110832 41.4
-122.29620925166066 41.45
-122.32077884932455 41.5
-122.34584282460027 41.55
-122.3716900793636 41.6
-122.39787570487745 41.65
-122.42401753337764 41.7
-122.44988636024401 41.75
-122.474367027632 41.8
-122.49774121596163 41.85
-122.51861556049225 41.9
-122.5374911778503 41.95
-122.55393104280905 42.0
-122.56725172510991 42.05
-122.57808247885272 42.1
-122.58629672271898 42.15
-122.59178979216291 42.2
-122.59447748801166 42.25
-122.59429286508197 42.3
-122.5911872656519 42.35
-122.58513285785607 42.4
-122.57612734949113 42.45
-122.56420114447224 42.5
-122.5493878975754 42.55
-122.53085927518275 42.6
-122.50974755001747 42.65
-122.48576562731381 42.7
-122.45945383040115 42.75
-122.43129269905798 42.8
-122.40198200891868 42.85
-122.37227102810354 42.9
-122.34272336218851 42.95
-122.31405582372504 43.0
-122.28658732153302 43.05
-122.26050154376915 43.1
-122.23612151883853 43.15
-122.21325633223555 43.2
-122.19190844111209 43.25
-122.17225651553171 43.3
-122.15354663352055 43.35
-122.13655098132557 43.4
-122.12052516873658 43.45
-122.10521622310705 43.5
-122.09109786039251 43.55
-122.07782116780926 43.6
-122.06505434717079 43.65
-122.05277795093816 43.7
-122.04149968691327 43.75
-122.03085716561789 43.8
-122.02073977234855 43.85
-122.01120806255418 43.9
-122.00232845780339 43.95
-121.99451846016228 44.0
-121.98757687778657 44.05
-121.98138427746846 44.1
-121.97592949169146 44.15
-121.97116808098559 44.2
-121.96702502669328 44.25
-121.96340029268893 44.3
-121.96017695037487 44.35
-121.95722835062135 44.4
-121.95442611187568 44.45
-121.95164607077108 44.5
-121.94884672566964 44.55
-121.94595576784744 44.6
-121.94278674512078 44.65
-121.9392709964533 44.7
-121.93535898769153 44.75
-121.93102313438848 44.8
-121.92626076143665 44.85
-121.9210969991227 44.9
-121.91558638908351 44.95
-121.90981342026261 45.0
-121.9038895763567 45.05
-121.89800625494988 45.1
-121.89233298329437 45.15
-121.88688475185165 45.2
-121.88178061495503 45.25
-121.87710075328413 45.3
-121.87286797067819 45.35
-121.86903237854925 45.4
-121.86546290735241 45.45
-121.86194760581905 45.5
-121.85820327168759 45.55
-121.8538931963035 45.6
-121.84868048990958 45.65
-121.84229769140858 45.7
-121.83436455376827 45.75
-121.82463587416704 45.8
-121.81294668276406 45.85
-121.79925731598429 45.9
-121.78428794379985 45.95
-121.76765296794197 46.0
-121.74957873972534 46.05
-121.73151411835329 46.1
-121.71270398265453 46.15
-121.69387832629793 46.2
-121.67580202274854 46.25
-121.65778670807805 46.3
-121.64073770037581 46.35
-121.6246198804831 46.4
-121.60891677675059 46.45
-121.59411657255295 46.5
-121.58038208029983 46.55
-121.5670083251661 46.6
-121.5539135506781 46.65
-121.54163712902545 46.7
-121.5297113231944 46.75
-121.51774538760377 46.8
-121.50563179011424 46.85
-121.4937361828199 46.9
-121.48196044119985 46.95
-121.46991314599349 47.0
-121.45762853581047 47.05
-121.44550310443961 47.1
-121.43387081768817 47.15
-121.42242402844366 47.2
-121.41137559143537 47.25
-121.40096120688005 47.3
-121.3919386238609 47.35
-121.38401091970093 47.4
-121.37731096868957 47.45
-121.37199919691137 47.5
-121.3682020820208 47.55
-121.36601331607417 47.6
-121.36549896242558 47.65
-121.36670625787178 47.7
-121.36967259139975 47.75
-121.37443457323157 47.8
-121.38103523071388 47.85
-121.38952758527513 47.9
-121.39997446180583 47.95
-121.41294488941861 48.0
-121.42803329558693 48.05
-121.44529316329205 48.1
-121.46533693060643 48.15
-121.48779722047607 48.2
-121.51295053145674 48.25
-121.54070692999736 48.3
-121.57124588992866 48.35
-121.60400220384007 48.4
-121.6393324553046 48.45
-121.67659683420342 48.5
-121.71521316513416 48.55
-121.7546787698104 48.6
-121.79466841555491 48.65
-121.83464932102302 48.7
-121.87411611846228 48.75
-121.91294673208807 48.8
-121.9512281671388 48.85
-121.98960925670391 48.9
-122.02823757675655 48.95
-122.06762068737906 49.0
-122.10836577946282 49.05
-122.15108245153729 49.1
-122.19642765814471 49.15
-122.24450885175003 49.2
-122.29527880662991 49.25
-122.34837136364378 49.3
-122.4031715258915 49.35
-122.4587674098638 49.4
-122.51427581559588 49.45
-122.56908755818922 49.5
-122.62288807658697 49.55
-122.67563257608792 49.6
-122.72747480867433 49.65
-122.77868816346829 49.7
-122.82960195384058 49.75
-122.88055777454714 49.8
-122.93188335413957 49.85
-122.98388211388081 49.9
-123.03683262905363 49.95
nan 50.0
nan 50.05
nan 50.1
nan 50.15
nan 50.2
nan 50.25
nan 50.3
nan 50.35
nan 50.4
nan 50.45
nan 50.5
nan 50.55
nan 50.6
nan 50.65
nan 50.7
nan 50.75
nan 50.8
nan 50.85
nan 50.9
nan 50.95
nan 51.0
nan 51.05
nan 51.1
nan 51.150000000000006
nan 51.2
nan 51.25
nan 51.3
nan 51.35
nan 51.400000000000006
nan 51.45
nan 51.5
nan 51.55
nan 51.6
nan 51.650000000000006
nan 51.7
nan 51.75
nan 51.8
nan 51.85
nan 51.900000000000006
nan 51.95
nan 52.0
nan 52.05
nan 52.1
nan 52.150000000000006
nan 52.2
nan 52.25
nan 52.3
nan 52.35
nan 52.400000000000006
nan 52.45
nan 52.5
nan 52.55
nan 52.6
nan 52.650000000000006
nan 52.7
nan 52.75
nan 52.8
nan 52.85
nan 52.900000000000006
nan 52.95
nan 53.0
nan 53.05
nan 53.1
nan 53.150000000000006
nan 53.2
nan 53.25
nan 53.3
nan 53.35
nan 53.400000000000006
nan 53.45
nan 53.5
nan 53.55
nan 53.6
nan 53.650000000000006
nan 53.7
nan 53.75
nan 53.8
nan 53.85
nan 53.900000000000006
nan 53.95
nan 54.0
