-124.3987769995869 40.36757199922795
-124.4213130000853 40.37140699880155
-124.4520829998004 40.37742599906998
NaN NaN
-124.4521834161778 40.37733356986231
-124.4214141485896 40.37131496376026
-124.3988782352278 40.36747923824273
NaN NaN
-124.4553030001565 40.37852099889127
-124.4703319999128 40.38152799889583
-124.4903719999533 40.38507599886572
NaN NaN
-124.4904729948457 40.38498407281632
-124.4704331807565 40.38143532281255
-124.4554035593661 40.37842851712441
NaN NaN
-124.503611001403 40.38506499881149
-124.5447550002424 40.38474599919511
NaN NaN
-124.5497620003287 40.3844649991052
-124.5719459995762 40.3852560003062
-124.5891299993086 40.3887919977824
-124.602737999931 40.39287999901626
-124.6242359998135 40.40106299886074
NaN NaN
-124.6243363730718 40.4009706629712
-124.6028392050293 40.39278784484112
-124.5892304902462 40.38869993517184
-124.5720466189729 40.38516401018276
-124.5498625882843 40.38437301884967
NaN NaN
-124.6267479992667 40.40297599916746
-124.657599999896 40.42209600037642
NaN NaN
-124.6587520685866 40.4220031913756
-124.627899240609 40.40288361938492
NaN NaN
-124.659395000022 40.42318899915156
-124.6854639999727 40.43900899889407
NaN NaN
-124.6866156913709 40.43891681079032
-124.6605461739906 40.42309616498792
NaN NaN
-124.6864930003677 40.43956799920623
-124.7308470004158 40.46589500025875
NaN NaN
-124.7319982776906 40.46580321740245
-124.6876447492581 40.4394757988787
NaN NaN
-124.7317449985946 40.46630299939464
-124.7405429996726 40.47079999934366
-124.7486169999541 40.47324199905163
-124.7595559998662 40.47567499930609
-124.7755150002832 40.47863799782424
-124.7855749995881 40.48367499880653
-124.7953050000785 40.49282299911049
-124.8032900006715 40.50923899882865
NaN NaN
-124.8044413165739 40.50914644539454
-124.7964566079333 40.49273074000992
-124.78672700899 40.48358292185615
-124.7766664769841 40.47854600826042
-124.7607077307903 40.47558303028242
-124.7497682098553 40.47315006086331
-124.7416948051569 40.47070811111577
-124.7328963243785 40.46621121026163
NaN NaN
-124.8043750002447 40.51087899878869
-124.8110120006005 40.54017999918035
-124.8126980000482 40.5516839992449
-124.8167240003183 40.56413899893422
NaN NaN
-124.8178752102195 40.56404655474914
-124.8138497417521 40.55159175286584
-124.812163393758 40.5400879417582
-124.8055264032837 40.51078642029898
NaN NaN
-124.8473119995602 40.65596799918242
-124.8409589997849 40.64612699939315
-124.8353440001515 40.63915999921285
-124.8346090003826 40.63655899936339
-124.8354839998936 40.63340399898034
-124.8383130004375 40.62681699923712
-124.8414869998645 40.6184449988592
-124.8418159997525 40.61405999922911
-124.8408769997691 40.60803299893725
-124.8375910001891 40.59982499874398
-124.8321489999097 40.59121299940174
-124.8229130000621 40.57809199878894
-124.8169100000911 40.56523499904913
NaN NaN
-124.8474128902481 40.65587611128689
-124.8410594143657 40.6460352533487
-124.8354450318749 40.63906835129487
-124.8347099413762 40.63646739286636
-124.8355848995646 40.63331244678272
-124.8384138569893 40.62672456804124
-124.8415877845512 40.6183527210918
-124.8419166964043 40.61396779587179
-124.8409775185545 40.60794089501677
-124.8376921918126 40.59973302128994
-124.8322497711216 40.59112114925913
-124.8230140856844 40.57800033804192
-124.8170105332495 40.56514253590519
NaN NaN
-124.8660310000259 40.85854899875549
-124.8606010003404 40.85514599930504
-124.8537120000896 40.84887200040405
-124.8509809985566 40.84490799908812
-124.8491540004402 40.84107899899967
-124.8491259999528 40.83737999902436
-124.8514570005543 40.83572700031172
-124.8536030003096 40.83366299873782
-124.8531419992788 40.83075999939809
-124.8497479997437 40.82353899939513
-124.8499029995545 40.81997599898381
-124.8493150000987 40.81326399900913
-124.8473049998876 40.80888699935801
-124.8447550007996 40.8046499989877
-124.84256599959 40.80054699984476
-124.8414450000317 40.79465999840635
-124.8417549996531 40.78739599886455
-124.8436889996963 40.78094799937696
-124.8452800014044 40.77696899915413
-124.8448890006939 40.77258499905044
-124.8423320001365 40.76711399924086
-124.839423000125 40.76260399899267
-124.8368880002073 40.76014699927603
-124.8343480002667 40.75700499882414
-124.8327059994033 40.75358600037189
-124.8328619999372 40.75002299785803
-124.8342829999694 40.74741399875391
-124.8342689997257 40.74535899900368
-124.8324430014342 40.74125599909047
-124.8320610000461 40.73796899906028
-124.8351456754929 40.73090594308945
NaN NaN
-124.8661313517246 40.85845759427389
-124.8607020859627 40.85505460575536
-124.8538127003346 40.84878063829139
-124.8510815119521 40.84481666480871
-124.8492543566305 40.84098769274386
-124.8492272661365 40.83728872777186
-124.8515573064389 40.83563475283764
-124.8537033304487 40.83357078033654
-124.8532432439029 40.83066780482699
-124.8498489506187 40.82344685936349
-124.8500038695811 40.81988389207206
-124.8494156877673 40.81317195212611
-124.8474055105881 40.80879498379891
-124.8448553183622 40.80455801631203
-124.8426671436027 40.80045504480343
-124.8415459598899 40.79456809573671
-124.8418557942213 40.78730416435748
-124.8437897053312 40.78085623213788
-124.8453806666151 40.77687727403594
-124.844989544632 40.77249331277926
-124.8424333193208 40.76702235236519
-124.8395241064086 40.76251238331987
-124.8369889546756 40.76005539586643
-124.8344487858517 40.75691341285951
-124.8328066448511 40.75349443827798
-124.83296256274 40.74993147305055
-124.8343835519924 40.74732252139748
-124.8343695023413 40.74526655579889
-124.8325433387598 40.74116361688372
-124.8321622455685 40.73787667082488
-124.8352468329804 40.73081374732413
NaN NaN
-124.8351456754929 40.73090594308945
-124.8357780014181 40.72945799934853
-124.8340009999371 40.73247999876724
-124.8351456754929 40.73090594308945
NaN NaN
-124.8351456754929 40.73090594308945
-124.8380980003523 40.72684599874518
-124.8384480001566 40.72561199933877
-124.840597000285 40.72409600028021
-124.8427149995529 40.71860599781453
-124.8485810001548 40.70912799911255
NaN NaN
-124.8352468329804 40.73081374732413
-124.8381992045522 40.72675388381259
-124.8385491899835 40.72551990516396
-124.8406972316094 40.72400394008991
-124.8428161812949 40.71851404237184
-124.8486821783035 40.70903622192589
NaN NaN
-124.847217000024 40.69392499930271
-124.8486029998961 40.68665699937388
-124.8522960000803 40.67526899833822
-124.8524419996701 40.67047199940117
-124.8504239999614 40.66458799878293
-124.8475010006044 40.65747399930949
NaN NaN
-124.8473177721342 40.69383247306317
-124.848703654327 40.68656460132154
-124.8523965287471 40.67517680387667
-124.8525424250307 40.6703798882442
-124.8505252095512 40.66449597830255
-124.8476019344115 40.65738208691051
NaN NaN
-124.8474040014184 40.69515599874419
-124.847433999759 40.69940399882788
-124.8490949999907 40.70556299933984
NaN NaN
-124.8502468234412 40.70547128533879
-124.848585616597 40.69931238122765
-124.8485555176451 40.69506445226531
NaN NaN
-124.8754250000573 40.86220899938702
-124.8808589999408 40.86602299939656
-124.8837880000438 40.8723129992626
-124.8829449994216 40.87971599878753
-124.8728549999795 40.89330699914343
-124.867398998558 40.89745799925185
-124.8652760001656 40.9028109987576
-124.8653070001277 40.90692099906829
-124.8687690003333 40.91197699883908
-124.8908619993442 40.92448699935292
-124.8975859997387 40.93117199892936
-124.9074500001233 40.95179699902225
-124.9122449995991 40.95974099937668
-124.9206150001566 40.96833499908988
-124.9693480006522 41.01015999872825
NaN NaN
-124.9704999202225 41.01006854618329
-124.9217664265518 40.96824374626751
-124.9133969613902 40.95964979911674
-124.9086016250461 40.95170486032693
-124.8987378276808 40.93108002284337
-124.8920134508923 40.92439506079491
-124.8699204294234 40.91188510533598
-124.8664581947576 40.9068291392738
-124.8664270959808 40.90271917738691
-124.8685500377794 40.89736623495683
-124.8740061209475 40.89321529224335
-124.8840961365593 40.87962445575674
-124.884939990581 40.87222153022491
-124.8820107434412 40.86593157805519
-124.876576467775 40.86211759384155
NaN NaN
-125.0527160005762 41.20022899923548
-125.0470159996556 41.19015599889578
-125.041338000273 41.18199399935607
-125.0392790005564 41.17476699876951
-125.0411530003251 41.16396599907608
-125.0462420004271 41.15014199900812
-125.045802000211 41.14249599920205
-125.0430429999873 41.13718499786182
-125.0352130001033 41.12985599935062
-125.0321030002503 41.12522999776377
-125.0306140004461 41.1205929987615
-125.0305180001866 41.11103299782799
-125.0286660001592 41.10612699878169
-125.023951000151 41.10328499905877
-125.0192500003866 41.10180899879255
-125.0102210002282 41.09994699874537
-125.0047799997737 41.09642499935585
-125.0015040002394 41.09316499921761
-124.9998379999848 41.0885299993249
-125.0009319997789 41.08452999895751
-125.0036099998117 41.0810899992104
-125.0039179997833 41.0754709992236
-124.9997040000905 41.06946499937137
-124.9945980002701 41.06455999936816
-124.9911129996001 41.05923500034064
-124.9903240003029 41.05211499913207
-124.9889929997841 41.04499700031904
-124.9834219996333 41.02872199907228
-124.9793839996676 41.02161799893323
-124.9707999997482 41.01097499877822
NaN NaN
-125.0528162732232 41.20013776504863
-125.0471168678856 41.19006480474926
-125.0414385055836 41.18190283575952
-125.0393792767966 41.17467586974051
-125.0412540850491 41.1638749348239
-125.046342922556 41.15005102580511
-125.0459027336937 41.14240506883409
-125.0431435250609 41.13709408786916
-125.0353141099801 41.12976410688277
-125.032203904413 41.12513812182421
-125.0307147500985 41.12050214427703
-125.0306185243619 41.11094119609272
-125.0287663518579 41.10603521793874
-125.0240521342824 41.10319321830506
-125.0193509485666 41.10171721123767
-125.0103216178283 41.09985519437243
-125.0048803613539 41.09633319276813
-125.0016051810831 41.09307320093691
-124.9999390191318 41.08843822232716
-125.0010329578404 41.08443824616521
-125.0037109605682 41.08099827208625
-125.0040188383689 41.07537930421199
-124.999804561995 41.06937332307265
-124.9946982899851 41.06446833384056
-124.991214055578 41.05914335313048
-124.9904248613464 41.05202338874467
-124.9890936506218 41.04490542338111
-124.9835230906454 41.0286304923309
-124.9794847960324 41.02152651485164
-124.9709012740167 41.01088354600876
NaN NaN
-125.0452909998499 41.25391599878792
-125.0435090001426 41.24474499898788
-125.0495280000071 41.23986399907864
-125.0538830001652 41.23703299931623
-125.0568740001925 41.23293499974149
-125.0581180006727 41.22298199935609
-125.0583639998216 41.21430999937277
-125.0545309998954 41.20234699898771
NaN NaN
-125.0453913003446 41.25382445520658
-125.0436100210862 41.24465349186321
-125.0496290874261 41.23977253375477
-125.0539841513645 41.23694156110462
-125.0569751460019 41.23284359227794
-125.0582189569376 41.22289064892244
-125.0584647656437 41.21421870034769
-125.0546313758486 41.20225575626343
NaN NaN
-125.0738799996496 41.33968499885267
-125.0696040000326 41.33149099886533
-125.0645910000986 41.32392999937613
-125.0621770005547 41.31724999875177
-125.0617669995776 41.3124719990031
-125.0596869999445 41.30738399886914
-125.0569410001396 41.30306599785501
-125.0466900001407 41.29113999917598
-125.0448990002127 41.28120499775635
-125.0471670001667 41.27226599881952
-125.0470830013994 41.26410599907449
-125.0456629993955 41.25722899926078
NaN NaN
-125.0739804232136 41.33959424328549
-125.0697050829599 41.33140026021162
-125.0646917389712 41.32383927380386
-125.0622774923906 41.31715929086749
-125.0618673530729 41.31238130538676
-125.059788157432 41.30729231836993
-125.0570419617944 41.30297432613098
-125.0467903446529 41.29104834173719
-125.0450000256479 41.28111337024016
-125.0472678513287 41.27217440331463
-125.0471836279826 41.26401442723422
-125.0457633996033 41.2571374441148
NaN NaN
-125.0873029994258 41.39264599923235
-125.0792059995781 41.36336899887272
-125.0745719997608 41.34121099875702
NaN NaN
-125.087403195716 41.39255509107055
-125.0793071992864 41.36327817316194
-125.0746724817152 41.34112023789748
NaN NaN
-125.1073250008212 41.45856599937411
-125.1048510001045 41.44940199918808
-125.1026910001056 41.43794099900801
-125.0999069997675 41.43107300032258
-125.096741999663 41.42038199880061
-125.0925800007471 41.41122799894351
-125.0890800000084 41.40053899893738
NaN NaN
-125.1074254576228 41.45847489733598
-125.1049521531005 41.44931092535131
-125.1027917973687 41.43784996026583
-125.1000075437057 41.43098198225552
-125.0968431796084 41.42029101222609
-125.0926808276545 41.41113703592603
-125.0891804514201 41.4004480667752
NaN NaN
-125.2322562819553 42.54992888631244
-125.2301811952085 42.54590447095584
-125.2298606251112 42.54503836819187
-125.2292578124364 42.54284116234383
-125.228914451182 42.54060951385159
-125.2288383189617 42.53830953298919
-125.2291893671 42.53007348684347
-125.2295248941468 42.52598074233273
-125.2304248551445 42.51888912985342
-125.2305392627825 42.51437250174139
-125.2302497815805 42.5110347482686
-125.2299442061619 42.50944031731362
-125.2291663917883 42.50747922195869
-125.2277930087544 42.50524035032308
-125.226648522743 42.50367591936257
-125.2251073613635 42.50187926622499
-125.2229556258652 42.49970150482866
-125.2209488964199 42.49793485426857
-125.2193010663886 42.49672597424296
-125.216569319254 42.49509320924944
-125.2120986394436 42.49283489492263
-125.203743970433 42.48922214627772
-125.2026989413984 42.48867659528712
-125.199258287859 42.48654827978116
-125.1961987499688 42.484183301285
-125.1937036729789 42.48189054124835
-125.1923380729486 42.48040666437299
-125.1904307879037 42.47812168328275
-125.1875006855679 42.47424616084899
-125.1853261705905 42.47174340483011
-125.1841589122867 42.47055341413106
-125.1788259755677 42.46597567701433
-125.1777426082333 42.46466346575595
-125.1759875481032 42.46206182088299
-125.1745686141962 42.46049405725545
-125.172874675438 42.45895684787934
-125.1704484974338 42.45701520022577
-125.1646272284414 42.45312801194129
-125.1600415516982 42.45028970527715
-125.1576081584256 42.44905749308366
-125.1524885886545 42.44703584588503
-125.1504668717171 42.44599085523605
-125.1486968240948 42.44472808995069
-125.147147889593 42.44312977108869
-125.1455378418043 42.44105812192741
-125.1439583439217 42.43849870136581
-125.1432488742732 42.43700704674612
-125.1423866137713 42.4343520713137
-125.1421577068673 42.43252486501927
-125.1421504709377 42.43068654924279
-125.1429132268521 42.42586103407561
-125.1431037613205 42.42259939474742
-125.14292096494 42.42044774695205
-125.1419825829976 42.41636222830399
-125.1396630404075 42.40943506782846
-125.1361912350907 42.3997645998852
-125.1316288462729 42.38854970126075
-125.1304921432652 42.38643249722176
-125.1293554420541 42.38469306998701
-125.1281498553321 42.38335808287625
-125.1268909374283 42.38230476009307
-125.1256625739223 42.38151921288515
-125.1234575261068 42.38045866811965
-125.1189635430995 42.37878813322431
-125.1170718366382 42.37790647482143
-125.1148056746373 42.37640371179815
-125.1124328385947 42.37418762289454
-125.1119750499394 42.37359596378325
-125.1090149618393 42.36842712285186
-125.1084882499439 42.36273550785717
-125.1088543610328 42.36133218702758
-125.1097243686057 42.36014552979074
-125.1149044354196 42.35647944527005
-125.1182617028428 42.35458001627093
-125.1217867540014 42.35285558106208
-125.1254718067903 42.35131836812088
-125.1303007670754 42.34957893292594
-125.1336580389901 42.34824005311455
-125.1379836543569 42.34625617576248
-125.1410970291804 42.34462396209263
-125.1421725973414 42.34401730129871
-125.1444537342581 42.34228508930916
-125.1495732285708 42.33748623736675
-125.1511982467838 42.33632679903955
-125.1531054923028 42.33523958402714
-125.1572255452848 42.33337403884678
-125.1595522447528 42.33259237686708
-125.1620928375815 42.33214182097722
-125.1668690281318 42.33189792685163
-125.1696462929019 42.33152014887958
-125.1727668928752 42.3307268182453
-125.1779397390308 42.3288346037309
-125.1832575831549 42.32651183885306
-125.190085998328 42.32321185736298
-125.1916649051191 42.3223651961044
-125.1936793699573 42.32108353678276
-125.1950371600345 42.32000354327247
-125.1977077462713 42.31874132684064
-125.2013927649241 42.31480079878926
-125.2036205517944 42.31192415227351
-125.2050088845913 42.3098530569231
-125.209456660057 42.30245644326975
-125.2155755229366 42.29079486231886
-125.221480556236 42.28572156018706
-125.2302545094138 42.27949214782799
-125.243392375834 42.27047052902864
-125.250984092199 42.26543888784079
-125.2535624519988 42.26349723135786
-125.2547680171612 42.26231057035766
-125.255904686033 42.26064724723031
-125.2568969022137 42.25830893024174
-125.2584151915878 42.25222841673234
-125.2591779025866 42.24728455910175
-125.2599406450263 42.24488512631241
-125.2614128319617 42.24187569173319
-125.2637550165885 42.23800737508125
-125.2720483971405 42.23259405083379
-125.2753750580636 42.22932906135394
-125.2786400469475 42.22576240433163
-125.2826455773072 42.22091019813482
-125.2855066575882 42.21684743524339
-125.2879938347934 42.21241467631749
-125.2899543351375 42.20808858192081
-125.2938452997557 42.19762529534264
-125.2958518684025 42.19117810294401
-125.2975989829339 42.18449480135355
-125.2981328247578 42.18179814826445
-125.2983161197034 42.17988704584464
-125.298269966959 42.17797205717678
-125.295622287762 42.15903605115246
-125.2930583899399 42.13501840833507
-125.2935308876096 42.12151847934813
-125.2938969106637 42.11705127800535
-125.2948890648607 42.11291240738134
-125.2956973159528 42.10829298687441
-125.2959189384182 42.10610744304448
-125.2958727578261 42.10283801674501
-125.295407111607 42.09900803927473
-125.2944308620821 42.093461403177
-125.2933474291708 42.08981864680489
-125.2923857000141 42.0877775481655
-125.2901805884182 42.08463812476695
-125.2838707356242 42.07141654424501
-125.2781789003896 42.06892545575146
-125.2776826575519 42.03733229116112
-125.2772930878576 42.03171343525079
-125.2767974513827 42.02846734023395
-125.2764540937216 42.02761290095282
-125.2759429577148 42.02694512774011
-125.275256266647 42.02636124474547
-125.2744629042325 42.02588847105712
-125.2735623242955 42.025537364003
-125.2675960717079 42.02445793626377
-125.2567236037207 42.02316463429169
-125.2527335091125 42.02245908881748
-125.2493612092814 42.02161965493479
-125.2483922971958 42.02120021512815
-125.2473700440468 42.02042966599058
-125.2463555550369 42.01899522900778
-125.2455082829255 42.01723690519135
-125.2449821216973 42.01536747331296
-125.2447987459034 42.01340303686281
-125.244966492808 42.01197248881721
-125.2453481420565 42.01082805004238
-125.2471331053058 42.00788306400371
-125.2477130980775 42.00715084576691
-125.24954418802 42.00499529681584
-125.2527636161493 42.00161197575984
-125.2545491552187 41.99926198390797
-125.2558685620804 41.99692365588534
-125.2582262318661 41.991258672183
NaN NaN
-125.1546559997546 41.56586399885437
-125.1389640001995 41.52925099926898
-125.1191740004043 41.4880709990017
-125.1104699999359 41.46721699887102
NaN NaN
-125.1547566757451 41.56577362773128
-125.1390652115859 41.52915971279766
-125.1192745317661 41.48797980921978
-125.110570765758 41.46712587129009
NaN NaN
-125.1764364667934 42.59845512791299
-125.17703147221 42.59715847227098
-125.1780309324052 42.59562070688511
-125.1832571348955 42.58887298901492
-125.1845010401543 42.58655745437951
-125.1864004927882 42.58073639193336
-125.1870188256562 42.57839418994603
-125.187736040579 42.57485755115392
-125.1882549119787 42.57065425326874
-125.1884298804399 42.56568373829457
-125.1882315135605 42.5617315479948
-125.1872781117865 42.55526938015578
-125.1855691226541 42.54716333522559
-125.185011862649 42.54376836327653
-125.184531263972 42.53931284392855
-125.1841117534293 42.53151957616707
-125.1875373179668 42.52126577208224
-125.1874534207092 42.52041466822238
-125.1871250747947 42.51959467478315
-125.1866828368753 42.51896134520212
-125.1848822240754 42.51708858431756
-125.1843172044229 42.51606248116092
-125.1840349690321 42.51513915494542
-125.1842104899571 42.50964975597652
-125.1848054657293 42.50417202476123
-125.1853471291844 42.501997598362
-125.1863771303027 42.49900317778722
-125.1866826751786 42.4970426379121
-125.186605989596 42.49534487487389
-125.1863315246323 42.49354433530391
-125.1853470267765 42.49015325114334
-125.1840880801266 42.48716605438367
-125.182585243572 42.4842783007918
-125.1807007281246 42.48113166093705
-125.1789078884469 42.47857168225998
-125.1771144963052 42.47641281103568
-125.1742382955813 42.47345617073661
-125.171613774054 42.471052856812
-125.1692259253664 42.46910009683526
-125.1660291716131 42.46677678421946
-125.160962922244 42.46350792580035
-125.1534477252733 42.45911685283034
-125.1473209006252 42.45571410812978
-125.1412479704026 42.45259802584725
-125.1360672873444 42.45019860334541
-125.131909412594 42.4489091729744
-125.1303604852788 42.44819584592715
-125.1283082112487 42.44676919331522
-125.1261642650422 42.44507920994435
-125.122975289801 42.44211145815838
-125.1195190801359 42.43815538402146
-125.1184584922805 42.43651873175718
-125.1176112408304 42.43477541483439
-125.1167723203562 42.43249043694211
-125.1111565355952 42.41445504276653
NaN NaN
-125.1748230000166 41.8457069989751
-125.1709770005699 41.83782999909243
-125.1660740002408 41.82689899788458
-125.1618870003122 41.81876899874955
-125.1603950001349 41.80832499906233
-125.1612260001632 41.79327399919634
-125.162810000402 41.78408499894206
-125.1657250002613 41.77258899930882
-125.1690270006332 41.76491599939192
-125.1723349999546 41.75775299931539
-125.1726069999412 41.7523969992214
-125.1721739993978 41.7450049990716
-125.1640459995879 41.72032799902293
-125.1577680001557 41.70736599897019
-125.1542769996379 41.69973999892979
-125.153505999884 41.69235099881979
-125.1551150002372 41.6851999977364
-125.159436999885 41.6777749989489
-125.1641349992764 41.67340799891355
-125.175213000004 41.66363999880017
NaN NaN
-125.1749232789518 41.84561684835828
-125.1710779765977 41.83773987485679
-125.1661745612469 41.82680890779188
-125.161988244038 41.81867893537755
-125.1604959060942 41.80823496586601
-125.1613264767277 41.7931840098158
-125.1629112360429 41.78399403678146
-125.1658259538313 41.77249907133795
-125.1691277952013 41.76482509178669
-125.1724356525889 41.75766211238714
-125.1727075007602 41.75230612883461
-125.172274275638 41.74491415039284
-125.1641463908125 41.72023721802294
-125.1578688809621 41.70727525331256
-125.1543775822036 41.6996492733621
-125.1536063488878 41.69226029033117
-125.155216175691 41.68510931203712
-125.1595380540662 41.67768433230695
-125.1642360309998 41.67331734490747
-125.1753139939981 41.66354937533073
NaN NaN
-125.1553700014037 41.56866399935379
-125.159909999713 41.57959699976641
-125.1651450003032 41.59154599895113
-125.169705001399 41.60375399878264
NaN NaN
-125.1708568464091 41.60366353827088
-125.1662963862742 41.59145556835587
-125.1610619129951 41.57950659678424
-125.1565214843927 41.56857362273797
NaN NaN
-125.1708129996401 41.61088599883544
-125.1690220006103 41.63027899923667
-125.1708049992442 41.63715199783341
-125.1763150001939 41.64348699778707
-125.179456000009 41.65034999881491
-125.1802029985751 41.65569999891022
NaN NaN
-125.1803038766866 41.65560939782569
-125.1795567074406 41.65025941235582
-125.1764154372326 41.64339643188674
-125.1709061288839 41.63706144585622
-125.1691228912982 41.63018846378986
-125.1709133711017 41.61079551877057
NaN NaN
-125.2477084933133 42.9286497257438
-125.247640088401 42.92365975176612
-125.2466100100277 42.9206158758316
-125.2445271007514 42.91617200729335
-125.2401474112961 42.90895814737919
-125.2369888880447 42.90280539724315
-125.2350204214407 42.89778486436053
-125.2342264643415 42.89495098915243
-125.2338908636328 42.89265433377604
-125.2336391269441 42.88837824426492
-125.2334556756917 42.88079050710805
-125.2335321708315 42.86891556782878
-125.2343480558068 42.85168454913893
-125.234286775433 42.8402329413077
-125.2341723058113 42.83869572673395
-125.2337067036097 42.83657073777277
-125.2330277659011 42.83479352305704
-125.2323716166546 42.83353797432978
-125.2314787963651 42.83262297685594
-125.2297392546315 42.82974243413031
-125.2275496560422 42.82405134827576
-125.2263595526825 42.81959581300816
-125.2247571468618 42.81052419125706
-125.2235970328595 42.80523310692842
-125.2218574381253 42.79877147021078
-125.219484466437 42.7907603979603
-125.2171193002103 42.78452320522994
-125.2148686018087 42.77975489082591
-125.2127245918217 42.77600879482075
-125.2115878645595 42.77443380183565
-125.2104433623786 42.77312158524554
-125.2052320297012 42.76922270475911
-125.2017452297056 42.76769659679648
-125.195801671257 42.76533159889772
-125.1901175624321 42.76267271383272
-125.1871574392978 42.76085716276405
-125.1840900869629 42.75862550200877
-125.1814505249428 42.75626439895663
-125.1799776732541 42.7545555168151
-125.1786581558996 42.75246108033745
-125.1775897500063 42.7497866489778
-125.1765596895992 42.74585001121942
-125.1759568688396 42.74240559635574
-125.1747973288608 42.73361288923655
-125.1724699565547 42.72198964932399
-125.1723555004077 42.72058577213829
-125.1724471573128 42.71890356374491
-125.1734160478389 42.71467304627772
-125.1737138168977 42.71169362506827
-125.1732865610805 42.70900031317561
-125.1727982009595 42.70699755208148
-125.1712947930764 42.70269480797906
-125.170722539291 42.70048593633858
-125.1704630699043 42.69787318133509
-125.1705547268094 42.69589319700065
NaN NaN
-125.1713580084213 42.7026798098849
-125.1720980270776 42.70225259208445
-125.1727847082639 42.70166482084218
-125.1755469882367 42.6976404141368
-125.1778892537119 42.69381822535849
-125.1802081854476 42.68964493206798
-125.1834660093688 42.68286221186431
-125.1853432511573 42.67744948236147
-125.1859688055818 42.67480172574621
-125.1863349076877 42.67212397086478
-125.1863882146149 42.66820622815106
-125.1860831925585 42.66639068624574
-125.185312592555 42.66336571026408
-125.185198136408 42.66223627434613
-125.1852897942114 42.66057740021146
-125.1856403527679 42.65926129990478
-125.1868992598919 42.65693021075448
-125.1879142798061 42.65566410836996
-125.1898059835725 42.65364579597156
-125.1930943897392 42.65060193523585
-125.1951699840341 42.64800418137301
-125.1959099964022 42.64674530428723
-125.1963372216766 42.64538698238325
-125.1964288642086 42.64218645183627
NaN NaN
-125.2044370000135 41.99848299895879
-125.2030409991973 41.97069999904191
-125.1990900001686 41.95568499919489
-125.1965309999615 41.94269999786381
-125.1913909998059 41.91494299935935
-125.1888819998274 41.90552799937662
-125.1877300003071 41.89559099913271
-125.1842070000022 41.8866919978792
-125.1834270000275 41.87904899930526
-125.1744980003266 41.84698400028788
NaN NaN
-125.2587222195823 41.98645590893927
-125.2530221917122 41.96937042185504
-125.2406987819461 41.91387007133412
-125.2368381130108 41.89219514732952
-125.2286588544325 41.88410073480293
-125.2188237833933 41.86798746079305
-125.214848065423 41.84517920500813
-125.2337451883348 41.78941604420064
-125.2293574903987 41.77543553573469
-125.2138308626026 41.74869062582731
-125.2131051002098 41.72207959287874
-125.2354289123499 41.7021207672394
-125.2344211795692 41.68448582024303
-125.2303307916528 41.6536403572731
-125.230795720118 41.63060320475793
-125.2210976852788 41.60948159508426
-125.2116976413822 41.59596218616378
-125.1942170080615 41.54917119795515
-125.1848324008148 41.53219179279131
-125.1826416820264 41.50902518974442
-125.1759579108853 41.49970965303354
NaN NaN
-125.1955411041291 42.63097931926087
-125.1952971935631 42.62914822186195
-125.1937404562949 42.62542880926203
-125.1930543203859 42.62428826126774
-125.1900325377888 42.61980996082281
-125.1850506914289 42.61352334232757
-125.181937797204 42.60922781882194
-125.1776037457584 42.60230454018312
-125.1765431444283 42.5997101183146
NaN NaN
-125.2416134007543 42.97334225695515
-125.2404766636107 42.97095837888163
-125.2396449305571 42.9682800581932
-125.2393471129892 42.96604507022356
-125.2393698430609 42.962844531371
-125.240285347608 42.9572634511006
-125.2422386533449 42.95134681874507
-125.2467475349111 42.94107410176499
NaN NaN
-125.3031113626226 43.15889624983553
-125.2979916383413 43.1522357139432
-125.2957331722074 43.14888683196457
-125.2904839665576 43.14047907615925
-125.2862798106037 43.13305187429336
-125.2829379169484 43.12627300000293
-125.2795576652304 43.11822024228931
-125.2764146451042 43.11016748115373
-125.273629407786 43.10188194400142
-125.2715386840651 43.09618695725315
-125.26983745458 43.09271918487877
-125.2678917773365 43.08932030404284
-125.2636343081671 43.08305254120633
-125.2609408086024 43.07862032905711
-125.2587589939151 43.07423700478407
-125.2580261563911 43.07226089838672
-125.2574388818758 43.0702581238753
-125.2568510324387 43.06736701805171
-125.2566526565762 43.06540591074155
-125.2566753920377 43.06294924891157
-125.2572403470115 43.05939425298628
-125.2594602565551 43.05034204638056
-125.2598113388294 43.04807982891656
-125.2600096275553 43.04527205612708
-125.2598795559937 43.04136984085623
-125.2596278372713 43.03894373531165
-125.2583687567725 43.03050541587272
-125.2584148232785 43.0279459759367
-125.2588264457148 43.02475653617624
-125.2601008415909 43.01964487988035
-125.2608863518316 43.01569655188217
-125.2612829759958 43.0124960022154
-125.2613134594267 43.00841823181138
-125.2590854452826 42.99907603137517
-125.2574525380647 42.99389216811786
-125.2559802145854 42.99026829931061
-125.253652858449 42.98606054287826
-125.2430172905753 42.97031727532865
NaN NaN
-125.3209291004317 44.29185662305302
-125.319845672012 44.28675999686448
-125.3198839680908 44.28352501889805
-125.3191361457696 44.28185448224066
-125.3177627447694 44.28006172937803
-125.3128946987863 44.27121127278955
-125.300473383434 44.24259766316425
-125.2981232307506 44.23674214929335
-125.2975431858767 44.2346710498426
-125.29700201919 44.23188217620209
-125.2964830319076 44.22558831237413
-125.2962007156683 44.21898889192671
-125.2962995680789 44.21578834694057
-125.2966962021246 44.21215668788336
-125.297482284592 44.20798336473796
-125.2981761630804 44.20521781220828
-125.3045161103347 44.18462949276678
NaN NaN
-125.3022500435551 43.98869626017645
-125.301906668826 43.98665904232007
-125.3019450161088 43.98755904088426
-125.3022500435551 43.98869626017645
NaN NaN
-125.302227203889 43.98459904075315
-125.3019983239344 43.98565570789754
-125.3019599964145 43.98619348623286
-125.302227203889 43.98459904075315
NaN NaN
-125.302227203889 43.98459904075315
-125.3022727565588 43.98433181808683
NaN NaN
-125.3044245953634 43.99124790828938
-125.3023417166299 43.98894792580211
-125.3031734272256 43.99012291937843
-125.3044245953634 43.99124790828938
NaN NaN
-125.3037988819371 43.98192902879142
-125.3030283133746 43.98278736934874
-125.3023488663212 43.98406126219325
-125.3037988819371 43.98192902879142
NaN NaN
-125.303838736593 44.54574551219663
-125.3024958810074 44.54311387989924
-125.3024419802937 44.54225166830366
-125.3026558709595 44.54175166910823
-125.3033503306578 44.54081722780131
-125.305448158256 44.53848611889524
-125.3078821129756 44.5364494513014
-125.3100949545746 44.534851113758
-125.3120783457887 44.53367610686347
-125.3150617721198 44.53212720603635
-125.3173579504277 44.53060886685175
-125.3184035319262 44.52959442494637
-125.3206385843705 44.52700442686941
-125.3241409045592 44.52434164430598
-125.3264143015914 44.52290330276725
-125.3297944086807 44.52133940020988
-125.3302294187553 44.52081273378223
-125.3305038603629 44.51959607580679
-125.3304582924217 44.51872219418502
-125.3302216061073 44.51786387132119
-125.3285048438527 44.51499169087612
-125.3279481363115 44.51323671083697
-125.3280086782701 44.51189783428051
-125.3283292304012 44.51034951128013
-125.3298170192764 44.50677508595357
-125.3306103475549 44.50378399178692
-125.3306408821898 44.50188845528591
-125.3303508467273 44.49972903274114
-125.3299313694222 44.49824515796492
-125.3289240902907 44.49641406686785
-125.3278790361033 44.49508297380636
-125.3258800492375 44.49294689480067
-125.3245599767241 44.49094025193687
-125.3242699610245 44.49034914709213
-125.3238199257284 44.48871638532457
-125.3235148830108 44.48606529423837
-125.3237209646218 44.48280753630537
-125.3243081627803 44.47903477730924
-125.3250864945835 44.47641756509955
-125.3268409510458 44.47202702296221
-125.3274592731339 44.46920036887969
-125.3273520340519 44.46816648801953
-125.3270092306513 44.46701094286676
-125.3254219201207 44.46430208631945
-125.3248724404243 44.46296710096008
-125.3245901933553 44.46162822089005
-125.3246129485798 44.45973990007653
-125.3249717824167 44.45400660224315
-125.3258489477657 44.44640386624543
-125.3271533545589 44.43909501394882
-125.3286105477139 44.43227449023287
-125.3292821803225 44.42727340589001
-125.3294654725731 44.42310009677399
-125.3292058774223 44.41107240197387
-125.3279774402544 44.40597966821676
-125.326779023885 44.40248914490665
-125.3255128359156 44.39976195308176
-125.3227582374368 44.39477256635582
-125.3206447737628 44.39006150429616
-125.3182946040115 44.38259212826418
-125.3174400753092 44.37781605587124
-125.3172494707722 44.37421497028518
-125.317264961321 44.3686533401025
-125.3176537467861 44.35842229185991
-125.3179437328413 44.35632841516384
-125.3185692773843 44.35355842833132
-125.3208198329538 44.3468867850474
-125.3219870427486 44.34239291525405
-125.3225747987609 44.33868904577933
-125.3229786579564 44.33497351034346
-125.3232230464261 44.32944965429412
-125.3229557536116 44.32420857982739
-125.3216894982686 44.31553031531745
-125.3195603931289 44.30312485931519
-125.3183091657022 44.29694491219355
-125.317111288322 44.29185662305302
NaN NaN
-125.302965152827 43.98645681988505
-125.303010706395 43.98619348623285
NaN NaN
-125.3033235339129 43.98882570505765
-125.303300754434 43.98869626017645
NaN NaN
-125.3037988819371 43.98192902879142
-125.3038672149841 43.98182180734113
NaN NaN
-125.3195792694279 44.59041553090632
-125.3123994899095 44.58436897983403
-125.3112855466178 44.58328177531376
-125.3096910190222 44.58109625217981
-125.3085237202943 44.57831906692891
-125.3077986603841 44.57538187536014
-125.3072491465517 44.570998586044
-125.3063334138325 44.55829204320289
-125.3059216916833 44.5547370788936
-125.30493714981 44.54922102731604
-125.3038998417953 44.54490663115245
NaN NaN
-125.3055611267929 43.97968179534868
-125.303981662148 43.98171513836322
-125.304836118985 43.9808073538312
-125.3055611267929 43.97968179534868
NaN NaN
-125.3066141454436 43.99366288891309
-125.3057446561987 43.99243456233765
-125.3045618238029 43.99134735079423
-125.3066141454436 43.99366288891309
NaN NaN
-125.3047525657821 44.00413010709028
-125.304592573135 44.00510288217914
-125.3045925884064 44.00624343335132
-125.3047525657821 44.00413010709028
NaN NaN
-125.3049664528546 44.00347010620111
-125.3050958955954 44.00297455212436
-125.3056303383923 44.00152121880387
-125.3049664528546 44.00347010620111
NaN NaN
-125.3059499949029 43.9775495707908
-125.3058283082163 43.97647734928921
-125.3054616132223 43.97527568729016
-125.3057366818539 43.97938457096249
-125.3059499949029 43.9775495707908
NaN NaN
-125.3055611267929 43.97968179534868
-125.3056450159657 43.97957123820988
NaN NaN
-125.3056816339916 44.00640398832135
-125.3056510768989 44.00633898883878
NaN NaN
-125.3065589098335 44.00836841884411
-125.3056816339916 44.00640398832135
NaN NaN
-125.3065589098335 44.00836841884411
-125.3059255436593 44.00739564884777
-125.3056816339916 44.00640398832135
NaN NaN
-125.3225519680779 43.18928782985543
-125.3186761939711 43.18391673573781
-125.3171122099935 43.18144507620443
-125.3119468944148 43.17293843429683
-125.3057281739098 43.16229123899551
NaN NaN
-125.3058493862861 44.0039545507445
-125.3060171628351 44.00347010620111
NaN NaN
-125.3069269990127 43.99799621589734
-125.3059808960504 44.00071621914614
-125.3065225604038 43.99936955195469
-125.3069269990127 43.99799621589734
NaN NaN
-125.3059881463531 43.9653234672864
-125.3071020564071 43.96424012429156
-125.3080254104331 43.96348845224744
NaN NaN
-125.3059881463531 43.9653234672864
-125.3080254104331 43.96348845224744
NaN NaN
-125.3059881463531 43.9653234672864
-125.3095204379329 43.96232899381429
-125.3130299599153 43.95997508007527
-125.3167533797499 43.95780449721898
-125.3221629544408 43.95498945615171
-125.3269463997854 43.95226552985109
-125.3294259008865 43.95073606807512
-125.3351176876122 43.94681435987281
-125.3412217049334 43.94228598274525
-125.3443878791361 43.93976095975706
-125.3488968514321 43.93583148474719
-125.3517957930074 43.93306202017415
NaN NaN
-125.306158695103 44.17469228205297
-125.3079442521388 44.17015283583741
-125.3121781701763 44.161440054343
-125.3146042879934 44.15577560803062
NaN NaN
-125.3413046266207 44.06263182726921
-125.3393744848417 44.05661631002646
-125.3354909079683 44.04756415290105
-125.3305389198118 44.03525034806257
-125.3295321706863 44.03140148219926
-125.3286776294077 44.02606094979541
-125.3279448008669 44.02398152287884
-125.3268614065831 44.02198264788193
-125.3257246847108 44.02063266389003
-125.3241679546291 44.01951879132891
-125.3213756224168 44.01800048388998
-125.31614153182 44.01553220390355
-125.3124641632201 44.01332002079573
-125.309420148218 44.01106894296593
-125.3065589098335 44.00836841884411
NaN NaN
-125.307155861001 43.9957001048394
-125.3071330797254 43.99558177222088
-125.3067897148777 43.99417788522365
NaN NaN
-125.3070492166038 43.99746954836149
-125.3070569924208 43.99726010437382
NaN NaN
-125.3070569924208 43.99726010437382
-125.307155861001 43.9957001048394
NaN NaN
-125.3070569924208 43.99726010437382
-125.3071941984024 43.99588288083389
-125.307155861001 43.9957001048394
NaN NaN
-125.3081837888076 43.99558177222088
-125.3078404239599 43.99417788522365
-125.3077948641037 43.99398677692552
NaN NaN
-125.3080254104331 43.96348845224744
-125.3083226360112 43.96322122703384
NaN NaN
-125.3083060225683 43.99607343630952
-125.3082449083829 43.99588288083389
NaN NaN
-125.3167120356872 44.28006172937803
-125.3144074769961 44.27699065923961
-125.315445309627 44.27857008188118
-125.3167120356872 44.28006172937803
NaN NaN
-125.3152987252339 44.15354783176651
-125.3146042879934 44.15577560803062
-125.3149781748995 44.15466894115654
-125.3152987252339 44.15354783176651
NaN NaN
-125.3152987252339 44.15354783176651
-125.3156420559456 44.15244116436394
NaN NaN
-125.316061514386 44.1523461642295
-125.3167103926686 44.14995783197606
-125.3175264806632 44.14607061531471
-125.3183503714243 44.14405672705933
-125.3204026167083 44.14066894292311
-125.3222265371966 44.13843004617047
-125.3242099077495 44.1362633711486
-125.3280399836595 44.13241779525579
-125.3314122691175 44.12871777879961
-125.337752353814 44.11926498120066
-125.3406284799777 44.11320719934764
-125.3421929149096 44.10852998123347
-125.3449623077428 44.09772721911035
-125.3379963245671 44.08250288589102
-125.3369429196407 44.07959568436628
-125.3363939834251 44.07723458730013
NaN NaN
-125.334655394804 43.21100887604263
-125.3326029321277 43.20117056829236
-125.3315651012934 43.19996890538165
-125.3301305861078 43.19861891121907
-125.3265448699214 43.19597502980811
-125.3249042380904 43.19460948112913
-125.3222113269222 43.19184004609253
NaN NaN
-125.3360733818867 44.07469404134815
-125.3360427978445 44.07243571726082
-125.3362866688846 44.07053627810001
NaN NaN
-125.3364010935906 44.06875461627999
-125.3378738967702 44.06709516515314
NaN NaN
-125.3475736060692 44.68213836682529
-125.3484586128124 44.67977727036456
-125.3488858192222 44.67704229193716
-125.3488395964092 44.66771904202578
-125.3486645533879 44.66449962692422
-125.3482367262422 44.66177965632072
-125.3475200026979 44.65922023731851
-125.3470160819595 44.65813691986368
-125.3462377034439 44.65681693801886
-125.3444981662018 44.65451641685969
-125.3433536577326 44.6527581101996
-125.3415302097582 44.64883649078759
-125.3389972615926 44.6424660127494
-125.3379594091988 44.63931882832981
-125.3375321399069 44.63680885427262
-125.3376621234336 44.63470720504284
-125.3382343421848 44.63268555075823
-125.341492143648 44.624163378797
-125.3425065877422 44.62091728824359
-125.3431776669887 44.6159506630471
-125.344147127945 44.61426844726439
-125.3458710587556 44.61234955991558
-125.3463977311252 44.61105623429111
-125.3464204989261 44.61030846280789
-125.3443375438357 44.60167966802856
NaN NaN
-125.357321301574 43.24609654436248
-125.3528426788598 43.23779156885626
-125.3497986099588 43.23306547412197
-125.346220092871 43.22909826731392
-125.3438699590523 43.22582494118655
-125.338124585125 43.21495719733209
NaN NaN
-125.3403896323167 44.06543571397729
-125.3411140831692 44.06416904690935
-125.3413124051327 44.06272349433745
NaN NaN
-125.344949307324 44.70325653293784
-125.3434920081678 44.70124989719685
-125.3425302781129 44.69914825385379
-125.3418207743284 44.69620328799723
-125.3416679583222 44.69356720109477
-125.3420418281603 44.69073667012363
-125.3430340569175 44.68804001802152
-125.3440179636818 44.68625446934906
-125.3454674430035 44.68465225015687
NaN NaN
-125.3642229177647 44.7999010147571
-125.3633222740473 44.79575439883163
-125.3623766435989 44.79301165518823
-125.3604537413427 44.78900615530929
-125.3592708918789 44.78706062874152
-125.3568601972369 44.78360456885182
-125.3555856729017 44.78128182678365
-125.354426141906 44.77806575695108
-125.3539377503439 44.7751780110544
-125.3538843976026 44.7737135809862
-125.3541588446 44.77317192026213
-125.3547616384101 44.77249247732232
-125.3559138948487 44.77177192087781
-125.3579811914053 44.77110413525136
-125.359004002408 44.77061579726124
-125.3598890289141 44.77000912977596
-125.3605523790559 44.76937580025498
-125.3616818398458 44.76720192432015
-125.3622690622588 44.76554582513003
-125.3623379405832 44.76461527817332
-125.3621851461365 44.7636275108226
-125.361445101429 44.76220808697783
-125.3599194557511 44.76004923206207
-125.3571343109594 44.75721483728819
-125.3563181546928 44.75619652123358
-125.3553030916594 44.75438432429705
-125.3547691591057 44.75262601487964
-125.3547996964354 44.75107325233008
-125.3551502460088 44.74961215188844
-125.3558063683058 44.74837271333167
-125.3578969680592 44.74533605789016
-125.3589958798412 44.74343273335149
-125.3597053279301 44.74154829983154
-125.3597508734133 44.7403805313647
-125.3594614065843 44.73951498489657
-125.3589041546641 44.73883610834795
-125.3564623711269 44.73705447509682
-125.3551806378115 44.73568505188753
-125.3529910760531 44.73282398491519
-125.3520449111071 44.73138178291096
-125.3516332159073 44.73044734998583
-125.3511598360919 44.72791459786765
-125.3509003478406 44.7250040711077
-125.3507780862322 44.72208576537027
-125.3508013337334 44.71466638688776
-125.3503662562851 44.70950143693172
-125.3498323237314 44.70759756880462
-125.3492217334428 44.70647980524436
-125.3483211301497 44.70549204228401
-125.3466960553429 44.70447706290161
NaN NaN
-125.3570057117366 44.60380846473758
-125.3563039325652 44.59647298035932
-125.3559300079299 44.59469522112188
-125.3548615993417 44.5916469252756
-125.352588126851 44.58690531934597
-125.3519241874144 44.58476923223323
-125.351603600249 44.58314425036256
-125.351611350015 44.58071816017391
-125.3519624502556 44.57857428832972
-125.3526563377271 44.57632374621783
-125.3537324628436 44.57407709019679
NaN NaN
-125.3517957930074 43.93306202017415
-125.3530091429701 43.93166590032153
-125.3539702621707 43.93017422825588
-125.3517957930074 43.93306202017415
NaN NaN
-125.3527655917303 44.57396613815568
-125.3563901043572 44.56849226477491
-125.3624402344395 44.56035561391602
-125.3682003640937 44.55349673398372
-125.3714048882741 44.55018562284039
NaN NaN
-125.354138039618 43.92986533929206
-125.354786927782 43.92835866921306
-125.3552141395817 43.92680588813956
-125.354138039618 43.92986533929206
NaN NaN
-125.3551887487002 43.92986533929206
-125.3564631661359 43.92518477679342
-125.3566386574165 43.9205497813446
-125.3562874179371 43.91284034514538
-125.3564934905649 43.90996423798484
-125.3568290256966 43.90781645674817
-125.3592856314361 43.89860422722793
-125.3606056275927 43.89562477484338
-125.3618950837245 43.89352643502909
NaN NaN
-125.3583822712133 43.26746264227126
-125.3574665852066 43.26184319983214
-125.3575431998222 43.25876486713617
-125.3579547944106 43.25401208808447
-125.3578863850068 43.24984986778691
NaN NaN
-125.3592467011466 43.27189486092855
-125.357568246649 43.26816041987366
-125.3582088514477 43.26978153028443
-125.3592467011466 43.27189486092855
NaN NaN
-125.3808224322507 43.33038980383208
-125.379181687232 43.32259258920154
-125.3769919116747 43.30783704234057
-125.3757100211541 43.29755260476222
-125.3746415811248 43.29345982882027
-125.3726958841183 43.289045945259
-125.3694840162105 43.28334317506074
-125.3674083437622 43.2805542923082
-125.3629147811665 43.27561041136965
-125.3614419213929 43.27366874701723
-125.3602974102288 43.27189486092856
NaN NaN
-125.3617944508531 44.81451090636801
-125.3614588636192 44.81307314284451
-125.3614510671408 44.81161593800195
NaN NaN
-125.3614816206403 44.81139093981612
-125.3617638362683 44.80999817275661
-125.3622593927931 44.8086326278201
NaN NaN
-125.3618204966065 43.89229809503941
-125.3626905122642 43.89147031105094
-125.3679017362454 43.88809083196859
NaN NaN
-125.3644873826826 44.81818862622983
-125.3629006300058 44.81641476577732
-125.3619622399785 44.81484838697136
NaN NaN
-125.3624121719684 44.80830096277538
-125.3632360771026 44.80706097078421
-125.364296659568 44.80591263988774
NaN NaN
-125.3644494423366 44.80577153232949
-125.3654105777069 44.80481042182181
-125.3662039293416 44.80376876091174
-125.3663417111432 44.80360876131657
NaN NaN
-125.3696050102961 44.82518796737039
-125.368247132184 44.8216063493316
-125.3672398503576 44.8200535952734
-125.365766993279 44.81840195534257
NaN NaN
-125.3665628269589 44.80325765081335
-125.366982270128 44.8020104383446
-125.367088925305 44.80072878514726
-125.3670205805799 44.80009156903926
NaN NaN
-125.3680407298744 44.7999010147571
-125.3676973614335 44.79817270284564
NaN NaN
-125.3689815624209 44.82685906109699
-125.3688593259653 44.82627573333011
NaN NaN
-125.3702689623091 44.82803015931846
-125.3700322724014 44.82685905982271
-125.3701772847428 44.82743905276068
-125.3702689623091 44.82803015931846
NaN NaN
-125.3719939154025 44.86185868984889
-125.3763957088037 44.85824203014814
-125.3740689024362 44.85456874886042
-125.3731838435908 44.85290544023682
-125.372313782119 44.8507732453225
-125.3717037299214 44.84859493899316
-125.3714136962555 44.84682884686168
-125.3710169463271 44.84169834715332
-125.3706885276491 44.83614785022626
-125.3705967889973 44.83086068194357
-125.3702689623091 44.82803015931846
NaN NaN
-125.3705262389082 43.88635136910044
-125.3727235028218 43.88452413375423
-125.3745390707745 43.88163245730423
-125.3747374026196 43.88109078975867
-125.3755307183217 43.87834412025095
-125.3759584727038 43.87578411986118
-125.3761262106252 43.87278578932997
-125.3760039481184 43.87048190430575
NaN NaN
-125.3749372544141 44.54710325116793
-125.372899978656 44.54877047783285
-125.3713282700652 44.55022381229046
-125.3749372544141 44.54710325116793
NaN NaN
-125.3757061215674 43.86788024082195
-125.3753171968635 43.86627802382242
-125.3728220246522 43.8600869377855
-125.3723030840823 43.85771027722286
-125.3727380043254 43.85149250504545
-125.3734324101249 43.84755194782149
-125.3746223904154 43.84378694531921
-125.3769723751138 43.83794248898761
-125.3778801568444 43.83627192784779
-125.3794140634297 43.83413580928209
-125.3804668557051 43.83305191378398
-125.3820613338933 43.83186579389923
-125.383762485225 43.83096522721505
-125.3893398508379 43.82888630137263
-125.3942227495659 43.82679960525572
-125.3958555669522 43.82599848230492
-125.3974728237212 43.82478958479098
-125.398457270373 43.82299624476259
-125.3988311509909 43.82159680022026
-125.4006239080237 43.81664901698453
-125.4114344668164 43.79449675076226
-125.4124344588143 43.79192563708693
-125.4132505539954 43.78916785929091
-125.4135177497918 43.78695896890555
-125.4133954890816 43.78464730602913
-125.412716539695 43.78206120320866
-125.4119764949875 43.78065732178221
-125.4103358595633 43.77877289184072
-125.4090919138803 43.7776206778408
-125.4034311118455 43.77303183284132
-125.4005470885921 43.77028518999354
-125.399196461681 43.7683474230772
-125.3980974933051 43.76520799026593
-125.3978685684347 43.76346799401224
NaN NaN
-125.3919864107341 44.50816290229331
-125.3906207909409 44.50699570081802
-125.380793701433 44.50137694585849
-125.3738434037404 44.49762703498075
NaN NaN
-125.3748203521546 43.47413477975427
-125.3760714699867 43.47234588778687
-125.3762014633949 43.47176199885259
-125.376605312709 43.46883644227693
-125.3769718460061 43.46068811120384
-125.3777957134111 43.45801810903251
-125.3786345656133 43.45452366086659
-125.3786573010748 43.45204810629376
-125.3784972518339 43.44957199713489
-125.3773604140789 43.44190089178783
-125.3770247774376 43.43792978233429
-125.3769786211 43.43548422937907
-125.37709301167 43.43229145127844
-125.3773752066367 43.4302392292642
-125.3778407477529 43.42855311685795
-125.3785429599122 43.42682144578625
NaN NaN
-125.4027992979601 43.5567991059715
-125.3965585238149 43.55530802182093
-125.3951395809247 43.5547130297437
-125.3919500092021 43.55303026584302
-125.3909199595749 43.55208804730222
-125.3899054633784 43.55090194174947
-125.3890048555937 43.54944861176843
-125.3884481507475 43.54810972635775
-125.3874563810295 43.54379917331138
-125.3859378464153 43.53462473499362
-125.3855788472884 43.52866973286078
-125.385769866847 43.52275695725348
-125.3860976019071 43.5197475107557
-125.3866164607304 43.51688250826282
-125.3878219782821 43.51240028125267
-125.3901869253199 43.50482027096147
-125.3913007599154 43.49951026600546
-125.3921401789545 43.49655415328024
-125.3921629422638 43.49572970807825
-125.391804025782 43.49482970804699
-125.3846170741143 43.49137751623178
-125.3829920046973 43.49029418936143
-125.381130248966 43.48855808500061
-125.3755832868338 43.48174533331593
-125.3750415901411 43.48085644507322
-125.3749043491252 43.48017755683131
-125.375102680072 43.47963977809753
-125.376338807717 43.47851421812122
-125.3767965900841 43.47786588333062
NaN NaN
-125.3749372544141 44.54710325116793
-125.3773634333166 44.54536768974764
NaN NaN
-125.4406810630485 45.49308530278515
-125.4403752720343 45.48072153624632
-125.4399862871432 45.47623935890633
-125.4389789002139 45.46940720786162
-125.437864873379 45.46417004431041
-125.4325543020155 45.44443693179517
-125.4286249676565 45.4285409958575
-125.4237796283888 45.42053776824481
-125.4176986690242 45.41196621679857
-125.4171569732298 45.41159233600511
-125.4165697238673 45.41139789683431
-125.4158830301046 45.41134067933563
-125.4132962656669 45.41181013215528
-125.4124190131813 45.41208069335261
-125.4072688423 45.4142440339887
-125.4054837784394 45.41470903782096
-125.4042398417396 45.41484682106695
-125.4019814151315 45.41478572389094
-125.399730759849 45.41434685190739
-125.3982279098198 45.41374408786955
-125.3970756237368 45.41281743678037
-125.3965872564292 45.41192856113167
-125.3964727769261 45.4103874641478
-125.3970599490334 45.40630916720208
-125.397106025421 45.40416918806941
-125.3966787372645 45.40167088221715
-125.3958925487959 45.39905035487919
-125.3944735573966 45.39651316511996
-125.3913072430568 45.39255377820637
-125.3894610048236 45.389578261265
-125.3884614655767 45.38664107408826
-125.3872629908168 45.38152168523925
-125.3863779086151 45.3790806019039
-125.3840966261713 45.37475454713897
-125.3825781867786 45.37232846737084
-125.3814642309105 45.37118793010408
-125.38038084022 45.37038683101985
-125.377847908224 45.36764798315011
-125.3772300658362 45.36547745194493
-125.3768944570427 45.36328025533219
-125.3766420609906 45.35437311909556
-125.3774736691784 45.34930705323272
-125.3788547669439 45.34549263912095
-125.3805864439273 45.34207043884229
-125.3820359115708 45.34005656090803
-125.3837909474464 45.33814545992729
-125.3850193118508 45.33714601832452
-125.3885138553241 45.33465879888921
-125.3909472414101 45.33205714186878
-125.3982185350014 45.32573216281698
-125.4033225567316 45.32155162132655
-125.4080454511345 45.31728663574504
-125.4095638168654 45.31564275386334
-125.4106010548116 45.31411276204398
-125.4268823330234 45.28631905022171
-125.4300490381303 45.28134852728003
-125.4312162578065 45.27848354481223
-125.4318951317347 45.27614523215458
-125.43242898883 45.27308581434967
-125.432566720326 45.27023639674505
-125.4323527712697 45.267390867837
-125.4321160705822 45.26600588336161
-125.4317421459469 45.26484645404363
-125.4309643100137 45.26341980489276
-125.4298270168129 45.26213815711507
-125.4250584242132 45.25865544023961
-125.4232733226233 45.25712157595484
-125.4224032602532 45.25564159576499
-125.4218159695682 45.25318495503754
-125.421670915006 45.25045387220094
-125.4222352681085 45.24300338825535
-125.4230896719449 45.23828509780667
-125.4235396740034 45.2371367721031
-125.4248291346268 45.23480234581375
-125.4251191305634 45.23368457686055
-125.4251113367801 45.23262403179206
-125.4247074003294 45.2305257232649
-125.4232728438213 45.22715354282572
-125.4224944329663 45.2241363557734
-125.422616635286 45.22260303481956
-125.4229905185988 45.22121804821651
-125.4232265132105 45.21305479631483
-125.4227991981045 45.20801540532313
-125.4221051929537 45.2023049122299
-125.4213878747246 45.19797551391729
-125.4203116480985 45.19328723634275
-125.4192587830596 45.19049504687811
-125.4180686976661 45.18815674513645
NaN NaN
-125.379759056923 44.54358213175699
-125.3773556539062 44.54533324627145
-125.3780040066743 44.54492491099921
-125.379759056923 44.54358213175699
NaN NaN
-125.3778356623901 43.43063589076053
-125.379384004902 43.42835866392544
-125.3818940325531 43.42553976735095
-125.3829779289951 43.42401365317392
-125.3837784824236 43.42242698633095
-125.3848545608277 43.41881031623245
NaN NaN
-125.379759056923 44.54362046191165
-125.3841230608952 44.54003434732911
-125.3882887258357 44.53633045417554
NaN NaN
-125.3856536140695 43.41977198427271
-125.3859052708082 43.41881031623245
-125.3868513162783 43.41342031330043
-125.3870723242961 43.40718698328357
-125.3866449993086 43.40211365417849
-125.3850120022593 43.39262255121771
-125.3843557802493 43.38756422132623
-125.3840656810064 43.38253644589143
-125.3840655390726 43.37457922693392
-125.3841954669037 43.37024533916192
-125.3844010059323 43.36891422690356
-125.3852559793006 43.36585089227964
-125.3866215218387 43.36273811328441
-125.3870559560932 43.36142588680512
-125.3873692713963 43.35982366699947
-125.3874453524127 43.35793144526489
-125.3862168613459 43.35127145087265
-125.3849044909878 43.34524812373217
-125.3818141804092 43.33325813512483
NaN NaN
-125.3851605952854 45.52720442183853
-125.3853894824265 45.52670831313159
-125.3858472719801 45.52642220178557
-125.3884868124407 45.52589941379647
-125.3896468581711 45.52593385106899
-125.3920730792944 45.52641827783829
-125.3949876569455 45.52721547733402
-125.397772234002 45.52821878707069
-125.3999695661876 45.52921098731056
-125.4033191817611 45.53096150815888
-125.4061193194349 45.53210981628087
-125.4090950121697 45.53301367986953
-125.4121090342211 45.53358977134226
-125.4146341382977 45.53371975402053
-125.4171670163947 45.53363196081118
-125.4222027607733 45.53300638287477
-125.4262006850975 45.53234247824744
-125.4275590635713 45.53202191609789
-125.4288557727008 45.53151469014179
-125.4315797350351 45.52983635700081
-125.4327164209748 45.52863858409418
-125.4349596777326 45.52068086135453
-125.4394755571749 45.50122600575812
NaN NaN
-125.5046511355781 45.7927226688521
-125.5033993107718 45.78824049780015
-125.5020414137951 45.78550164528409
-125.4939841006183 45.77164682703715
-125.4877124379021 45.75882921134418
-125.4838821230402 45.75196707706421
-125.4819442054441 45.74922767331494
-125.4798074026407 45.74667215091188
-125.4583216557786 45.72434137989034
-125.4541408380558 45.71965311821911
-125.4519662404335 45.71646760519353
-125.4496466134018 45.71200488287961
-125.4469608303653 45.70619495180615
-125.4456334805998 45.70264721503906
-125.4440232989621 45.69697116713326
-125.441680760399 45.68635128134046
-125.4405972592157 45.68044245432267
-125.439994361201 45.67586861223571
-125.4397347723384 45.6695436708493
-125.4401005061349 45.65106162075404
-125.4395049060336 45.62381354387941
-125.4381162336735 45.61038590090317
-125.4379022558712 45.60659426891885
-125.4376653189268 45.59417383234453
-125.4372307310603 45.58828000098995
-125.4363911673924 45.58421726726176
-125.4347737893509 45.57984176212052
-125.433514794192 45.57723290226456
-125.4313785160047 45.57338350721844
-125.4294400387582 45.57027854629034
-125.426815409433 45.56647137519614
-125.4241524525879 45.5630386443416
-125.4178426060822 45.55589763736438
-125.4087020315723 45.54619277921879
-125.4022933066049 45.53983009597774
-125.3984403119771 45.53693125721045
-125.3959679560757 45.53530961688753
-125.3923055417304 45.53315077018838
-125.3904898830478 45.53172412523551
-125.3895820474183 45.53077414080342
-125.3887042074344 45.52958415728687
-125.3880408222584 45.52832917316414
-125.3876435593919 45.52718474132681
NaN NaN
-125.3905243334389 44.53394990220608
-125.3882887240391 44.53629212178263
-125.3893948636659 44.53524323081253
-125.3905243334389 44.53394990220608
NaN NaN
-125.3924393736397 44.53145879614944
-125.3905243334389 44.53394990220608
-125.3913787965641 44.53293546022178
-125.3924393736397 44.53145879614944
NaN NaN
-125.3934900836202 44.53145879486871
-125.3961679066849 44.52722492032765
-125.3976784822257 44.52430270903764
-125.3985101470073 44.52167439304856
-125.3987162402964 44.51955718796702
-125.3983956405546 44.5170283229085
-125.3979072732471 44.51554445224701
-125.3972511204074 44.51417502622222
-125.3954276877043 44.51155783982578
-125.393123686867 44.50913177126938
NaN NaN
-125.396997757768 43.6819863491806
-125.3972649634459 43.68063190389651
-125.398111633686 43.67920134432931
-125.3993322079002 43.67801133675152
-125.4000722238616 43.67759577828019
-125.4008505754277 43.67732855030616
-125.4020483899259 43.67716465532479
-125.4030250877101 43.67729020317093
-125.4098842207744 43.6790868320311
-125.4111581540182 43.6792779360822
-125.4136837881007 43.67935792229449
-125.414477144227 43.67919791792914
-125.4155071687015 43.67875124529046
-125.4181166623124 43.67680567500456
-125.4188261139946 43.67587900401405
-125.4191844456732 43.67503566910881
-125.4196648503141 43.66527400208793
-125.4197641779334 43.65807955785156
-125.4225336947341 43.65732398887616
-125.4229992610032 43.65693509501282
-125.4231209234353 43.65646231821723
NaN NaN
-125.4025142858766 43.69673798374917
-125.3984701333496 43.68850189834301
-125.3978367474124 43.68649134532046
-125.397432800182 43.68374468085489
NaN NaN
-125.3977007308003 43.75978299973347
-125.3978990527639 43.75858522324725
-125.3983262726484 43.75760133078266
-125.3989979483762 43.75684188427034
-125.4000813040325 43.75610187788288
-125.4023546947765 43.75512908607403
-125.4066348113725 43.75408794897913
-125.4092826585545 43.75320293427038
-125.4108849170514 43.75223403732058
-125.4112588111441 43.75188681137887
-125.4132954904208 43.7486134702251
-125.4135321506841 43.74779735633358
-125.4144171089183 43.74368901824448
-125.4148059410958 43.73954234787958
-125.4147524994212 43.73318735023397
-125.4143100423128 43.71991957791405
-125.4140888878697 43.71776069089211
-125.4136005025958 43.71562069489495
-125.4128604453119 43.71352236376824
-125.4117003690388 43.71107348493639
NaN NaN
-125.4040983112682 45.16404040683393
-125.4042816232818 45.16219431325907
-125.4041899241559 45.16034377719719
-125.4039076663071 45.15881434891657
-125.4034270667318 45.15735714323912
-125.4022670093233 45.1567088238868
-125.4000696924091 45.15634995209918
-125.3996346715547 45.15602940316074
-125.3994518778691 45.15564440884562
NaN NaN
-125.400039108367 45.15452663920971
-125.4008935741871 45.1536188638783
-125.4013897011421 45.15338219685562
NaN NaN
-125.4021602607215 45.15141776675805
-125.4016263335576 45.15049833619506
-125.4015191016622 45.15007500836933
NaN NaN
-125.4022898274298 45.12628298881803
-125.4295734870869 45.11066963880914
-125.4359592403358 45.10655352717294
-125.4452139673621 45.10015630781341
-125.451607501818 45.09622352775581
-125.4664871746246 45.08837376789663
-125.4680646387214 45.08291799533863
-125.470002965051 45.07730636806329
-125.4703307315521 45.07576137998019
-125.4704679321437 45.07388862135678
-125.4700867554091 45.07060032079369
-125.4691783286881 45.06703702624767
-125.4659436345889 45.05954933612013
NaN NaN
-125.405449270556 43.55737909089051
-125.4042820095573 43.55724576430178
-125.403114746762 43.55703576605865
-125.405449270556 43.55737909089051
NaN NaN
-125.4180686976661 45.18815674513645
-125.4157413253601 45.1845556827972
-125.4119572045651 45.1796496428567
-125.4090881499393 45.17651024910884
-125.4061891050577 45.1740614027646
-125.4050673697793 45.17260031300496
-125.4043806499654 45.17100588890217
-125.4039839422579 45.16935813099926
-125.403777786985 45.16702315510597
-125.4039760918806 45.16469262290352
-125.4031904630624 45.16187376679468
NaN NaN
-125.4104491766465 43.70865071416318
-125.4088624158848 43.70596183535045
-125.4039254825941 43.69932019734666
-125.4032159958776 43.69803075833327
NaN NaN
-125.4274910862571 43.55846232300921
-125.4264077090413 43.55785621777799
-125.4251643319919 43.55754677923424
-125.4232492666383 43.55720734181101
-125.4209680812125 43.55699790785046
-125.4183435542953 43.55700514435954
-125.4142156554276 43.55738294022557
-125.4110038899277 43.5575429533454
-125.407791566574 43.55753963523127
-125.405449270556 43.55737909089051
NaN NaN
-125.4669177272588 45.05958718984768
-125.4661849130911 45.05902997829034
-125.4653687442481 45.05754999929857
-125.4644608978388 45.05553224724044
-125.4637513922577 45.05347615881546
-125.4630718724408 45.05033619736352
-125.4623472886377 45.04321460485793
-125.4612560412817 45.03719134022346
-125.4585702528554 45.02924532411247
-125.4554344488959 45.0214254237418
-125.4524586456683 45.01321996803708
-125.4489866660783 45.0021495459176
-125.4458052708215 44.99103745436588
-125.4415854275878 44.974478199792
-125.4355959328888 44.94753128207949
-125.431498315331 44.93044592199203
-125.4284847091996 44.91915049776382
-125.4238226496061 44.903899570291
-125.4225103061974 44.89884518521237
-125.4171308933405 44.87562545292144
NaN NaN
-125.419615552568 45.18898839884839
-125.4191194067483 45.18815674387024
NaN NaN
-125.4204486303995 45.14106054232969
-125.4216081030047 45.13982110236285
-125.4226303453739 45.13843610929642
-125.4244464810619 45.13511390931127
-125.4257053226088 45.12868619086565
-125.4261858359459 45.12464233822896
NaN NaN
-125.4236475122616 43.65087342794592
-125.4249214437088 43.6510450879146
-125.4258981378997 43.65088119330829
-125.4278665011975 43.64904618432571
-125.4283931690755 43.64805062522406
-125.4284770393837 43.64684895928168
-125.4282786796909 43.64552507188734
-125.4270808085989 43.64227119029201
-125.4268135454288 43.64027230221421
-125.4271646600424 43.6398372998575
-125.4280113455539 43.6394600740141
-125.4285302456996 43.63909007114582
-125.4292319107849 43.63773173484914
-125.4297585669849 43.636137286793
-125.4299874460412 43.63508839805061
-125.4298729871992 43.63442839918284
-125.4295524099154 43.63374173416355
-125.4284845771473 43.63241007430818
-125.4281717675956 43.63118563184585
-125.4283162104051 43.63076618610916
-125.4288201041941 43.6300678509004
-125.4309718091497 43.62842006294562
-125.4315668172613 43.62772561489118
-125.4318718168599 43.62715005810349
-125.4321234601237 43.62527672418325
-125.4320851020611 43.62381172486855
-125.4311466787962 43.62026839688892
-125.4311161127203 43.61973006398815
-125.431589427857 43.61763617507592
-125.4327872037276 43.61534727920453
NaN NaN
-125.4241949411042 43.65495120480187
-125.4239660018608 43.65239954318551
-125.4240954338219 43.65133898587433
NaN NaN
-125.4412996321734 43.60447502488709
-125.442901875399 43.60279279510062
-125.4434740896586 43.60135112725361
-125.4443129409625 43.59746001337567
-125.4446562348432 43.59456834623171
-125.4447556388193 43.59186779224103
-125.4437483480098 43.58973890582196
-125.4391092628296 43.58654615530389
-125.4380642032523 43.58496338183091
-125.4380719593064 43.58365838076956
-125.4388802921452 43.58205226782236
-125.4390408345612 43.58104560231912
-125.4387202491925 43.57982838037499
-125.4377896421688 43.57850505173398
-125.4359890006228 43.57669672786563
-125.4339666881024 43.57512118293275
-125.4318765985921 43.57371341389226
-125.4293053830937 43.57221064997823
-125.4276647395847 43.57000177036799
-125.427511945138 43.56923121292408
-125.4278174900139 43.56804899210707
-125.4283897150533 43.56716398925995
-125.4300452930539 43.56543565021559
-125.4304797371899 43.56457342298648
-125.4306708375969 43.56367342378667
NaN NaN
-125.4291673919846 43.55967176483064
-125.4290223841348 43.55944676686274
NaN NaN
-125.4292746193885 43.55982787582381
-125.4291673919846 43.55967176483064
NaN NaN
-125.4292746193885 43.55982787582381
-125.4292668408765 43.55976342987398
-125.4291673919846 43.55967176483064
NaN NaN
-125.4293507363375 43.55993898829112
-125.4292746193885 43.55982787582381
NaN NaN
-125.4293507363375 43.55993898829112
-125.4293351784151 43.5598700982991
-125.4292746193885 43.55982787582381
NaN NaN
-125.4294574076842 43.56009509729001
-125.4293507363375 43.55993898829112
NaN NaN
-125.434107207969 43.61319560776509
-125.4377388927452 43.60747336789847
-125.4402489221929 43.60447502488709
-125.4394555732531 43.60517335881922
NaN NaN
-125.4406882971815 45.49376418480102
-125.4402539069444 45.49774637174417
-125.4405127798498 45.49625860582697
-125.4406882971815 45.49376418480102
NaN NaN
-125.4472530846666 45.96466471181747
-125.4458568359154 45.96113641996154
-125.4459101913517 45.96200974405231
-125.4461774482336 45.96297528918913
-125.4466580442156 45.96389805285192
-125.4472530846666 45.96466471181747
NaN NaN
-125.4472530846666 45.96466471181747
-125.4460551560824 45.96032364819155
-125.4472373443862 45.95709644789574
-125.4484656620781 45.95457146480158
-125.4499462132271 45.95211481183238
-125.4521356689843 45.94915815979659
-125.4552329244383 45.94579761418087
-125.4588190951722 45.9426848443458
-125.4614591485708 45.94076206688782
-125.4678142890315 45.93666539783602
-125.471583256146 45.93404817827209
-125.475214994821 45.93134373493007
-125.4787095023617 45.92854762628996
-125.483684030147 45.92420263492411
-125.4890168842211 45.91896098535872
-125.4992936281394 45.9060599330839
-125.5061374655894 45.89286890733251
-125.5068541172685 45.89111003293772
-125.5073501984094 45.88900449389979
-125.5074801666647 45.88749784029499
-125.5072583573497 45.88197011680281
-125.506281487089 45.87507741082335
-125.5037711063999 45.86341975884969
-125.5026342264241 45.85647705515013
-125.5019629351752 45.85015989825991
-125.5011615436187 45.83985277912745
-125.5009552140727 45.8311706421738
-125.5010465916017 45.81906631076786
-125.5014274251799 45.80697031589184
-125.5021905233525 45.79588875079226
NaN NaN
-125.4903704746743 46.03793648221885
-125.4862650588416 46.02821660820088
-125.4822823573682 46.01592620289535
-125.4794742516378 46.00769797235579
-125.4788025211127 46.00627910320678
-125.4770401747473 46.00408524592152
-125.4712948169897 45.9986914497987
-125.4695402518313 45.99641037223141
-125.4666100336128 45.99195487810253
-125.4647559997995 45.98883825482945
-125.4634819937923 45.98602662277997
-125.4617957032904 45.98121279124777
-125.4602772432364 45.97839005074779
-125.4566453266949 45.97380845112195
-125.4486948133239 45.96497414134846
NaN NaN
-125.4669555077047 45.05961774376174
-125.4669177272588 45.05958718984768
NaN NaN
-125.4903704746743 46.03793648221885
-125.4885619908359 46.03485041398785
-125.4891876018543 46.03611317607729
-125.4903704746743 46.03793648221885
NaN NaN
-125.4922395606585 46.04272419892512
-125.4912478053134 46.04073255877592
-125.4904160749548 46.03945479983619
-125.4922395606585 46.04272419892512
NaN NaN
-125.7356238476951 46.23220811323605
-125.7332131377817 46.22979370806573
-125.7301912949975 46.2273826382913
-125.7261932988081 46.22476213215774
-125.7225997807534 46.22278994935535
-125.7176328625969 46.22039777915224
-125.7119792533725 46.21800228193697
-125.7054633872395 46.21553067819767
-125.6984213940143 46.21319629519824
-125.6949956830514 46.21219688087407
-125.6897687825702 46.21085748014004
-125.6829329311431 46.20942753431
-125.6318668711073 46.20038291505191
-125.6263810806527 46.19937240028556
-125.6193846661484 46.19789967627528
-125.6168667746453 46.19721691930242
-125.6140744190768 46.19617916779695
-125.6120604294475 46.19529807775924
-125.6106642435784 46.19442087182136
-125.6102597744268 46.19408921188067
-125.6085507457684 46.19122814011064
-125.6081540111114 46.18922927310346
-125.6078177806837 46.1851970918425
-125.6080160182056 46.18126379810421
-125.6079931722513 46.17873493478926
-125.6077186506937 46.17621329389589
-125.6070468788462 46.17313888676468
-125.6039565727592 46.16603953232372
-125.6021864101525 46.16244235620734
-125.6003095806906 46.15900962483344
-125.5996839795537 46.1581624140163
-125.598295556027 46.15674743536302
-125.5953348220383 46.1542830342496
-125.5940836287476 46.15296694187808
-125.5886510086764 46.14578760101293
-125.5874837099484 46.14457095391398
-125.5842946224179 46.14166433388157
-125.5785570620369 46.13718219021565
-125.5754285371262 46.13447390113121
-125.5741773474288 46.13330280884107
-125.5679208213251 46.12666124630513
-125.5643500207656 46.12262519684871
-125.5550871523079 46.1116964708587
-125.5510279673729 46.10640543610455
-125.5458014585571 46.09911220388236
-125.5426579066283 46.0953772601904
-125.5400182880143 46.09264619184241
-125.5266657754452 46.0802447253028
-125.5163195836706 46.07134876390211
-125.5117415264376 46.06751160585185
-125.5023720728714 46.05995451388559
-125.4968178658265 46.0558729253393
-125.4950854980387 46.05286741189846
-125.494818799909 46.05210408729393
-125.4922395606585 46.04272419892512
NaN NaN
-125.7380814191235 46.2628400062591
-125.7381652768553 46.26157723913979
-125.7360441505519 46.24340410776728
-125.7332133425976 46.23775473731813
-125.7393549786681 46.22748536310912
-125.7439321492639 46.21874987128437
-125.749311006962 46.20964437685451
-125.7494787942907 46.20975492976262
-125.7528970330672 46.2009355579263
-125.7586952683573 46.18803788215891
-125.7680637724043 46.15829147309206
-125.7767835760351 46.13681498204704
-125.7842223703927 46.1213423263646
-125.7852970007125 46.08335604009876
-125.7876997335861 46.05599352782975
-125.7891864408898 46.01145730624657
-125.7904222999385 45.99960908733426
NaN NaN
-125.9989773645957 47.05507038280562
-125.9970316972337 47.05364762930546
-125.9922935988446 47.04817714929613
-125.9913551917493 47.04671605519163
-125.9882727665823 47.04337110228195
-125.9868153775946 47.03917448184104
-125.9852740688914 47.03383398787636
-125.9854190012827 47.03108012692036
-125.9879594674489 47.02400352326751
-125.9888671809075 47.02019300235806
-125.988287065965 47.01665693090297
-125.9873790318078 47.00820368686525
-125.9896984252776 47.00296595519
-125.9916282706126 46.99442103599629
-125.9919409175691 46.9891377579236
-125.9926124792109 46.98430058531646
-125.9923756437761 46.97834620410717
-125.9912615378894 46.97184572321431
-125.9886901786606 46.96619246080273
-125.9864010269749 46.95961642575545
-125.982929606137 46.95296318034627
-125.9795032016747 46.94687936991463
-125.9766801928937 46.942267208053
-125.9695541353242 46.93354677426581
-125.9671811214152 46.92811850691327
-125.9655402533273 46.91876528133963
-125.9662495424144 46.91197868407682
-125.9661654843583 46.9057915281923
-125.9650513775733 46.89928771292703
-125.9648528894214 46.89379055076905
-125.9650816786461 46.88977003584066
-125.967782768975 46.88521507427638
-125.972696111608 46.87875678827407
-125.975510943025 46.86846522120297
-125.9759991594156 46.86340305009956
-125.978433039575 46.8597714109346
-125.9785929792214 46.85724254991727
-125.9772194470672 46.85178372428413
-125.9743507293096 46.84155273413322
-125.9730916937265 46.83781055583132
-125.9583203532516 46.82932682130188
-125.9476231492714 46.82439080690494
-125.9425878836947 46.82156752484514
-125.9330273072636 46.81349598818718
-125.9238026504431 46.79795897014355
-125.9110682758076 46.77714258194092
-125.8959686621818 46.75077570880438
-125.8889641664331 46.73826754124766
-125.8872394936141 46.73235872320925
-125.8877659827274 46.72511824185307
-125.889291331063 46.71544056088165
-125.8903671651253 46.70382457135258
-125.8922663644344 46.69229690897635
-125.8943795469357 46.68386643623565
-125.8947989038665 46.68006703091788
-125.8932119320008 46.67117491128466
-125.8901292121864 46.65727840690705
-125.888473321572 46.64735241000378
-125.8865730829122 46.64122248399395
-125.8860468668867 46.63825863080889
-125.8795152146592 46.62756599825248
-125.8732129661042 46.61514560404954
-125.8678335038399 46.60166466330272
-125.8582196689906 46.57661775403771
-125.8532446210807 46.56151905084383
-125.850383242559 46.5558774589971
-125.8506198076009 46.55185694521244
-125.8486282677688 46.53906987009077
-125.8490317766214 46.524726690248
-125.8482073648374 46.50686688689301
-125.8465443137519 46.49923364381681
-125.8355034341068 46.48248331690919
-125.831245724189 46.47045957492731
-125.8285747067608 46.45735250283177
-125.8273842988722 46.44397098322852
-125.8242099976112 46.43328944519562
-125.8225620193579 46.42829617086523
-125.8402853352475 46.40218858631103
-125.8279778220686 46.38868878626106
-125.8120161985709 46.37231236883024
-125.7989229640474 46.35401762525051
-125.7902250784111 46.34224167890699
-125.7880960451366 46.34001393427116
-125.7654586302325 46.32497642532448
-125.7563936759033 46.29921618513553
-125.7446735441393 46.27043877520789
-125.7432011281334 46.26543772719712
-125.7409043111234 46.26309942995664
NaN NaN
-126.1216010642078 47.11770400822173
-126.1454071046515 47.18181664579158
-126.3050200131672 47.53020434827935
-126.5625866602627 47.94464495181733
-126.996684302604 48.45594600634907
NaN NaN
