-123.7365021933063 39.06
-123.74505403532608 39.07
-123.7524631688366 39.08
-123.75985269911875 39.10
-123.76803411915485 39.11
-123.77663364966926 39.12
-123.78596564624907 39.13
-123.79400782681188 39.15
-123.80028355144874 39.16
-123.80563115514857 39.17
-123.81031550449569 39.18
-123.81515297326119 39.19
-123.82067855395418 39.21
-123.82898907089881 39.22
-123.83564088731033 39.23
-123.8409202799424 39.24
-123.84610406148494 39.25
-123.85030182064143 39.27
-123.8540568005316 39.28
-123.85710491812573 39.29
-123.85928913815022 39.30
-123.8613699223851 39.32
-123.8647648339796 39.33
-123.8722080157799 39.34
-123.8811283528587 39.35
-123.88802334207698 39.36
-123.89487137260949 39.38
-123.9010276991103 39.39
-123.90673673982171 39.40
-123.91037838918703 39.41
-123.91402003855234 39.42
-123.91766168791766 39.44
-123.92114260456614 39.45
-123.92459039275678 39.46
-123.92803818094742 39.47
-123.93168976602091 39.48
-123.93567149406725 39.50
-123.93965322211359 39.51
-123.94383862235102 39.52
-123.9506524439568 39.55
-123.95273126949327 39.56
-123.95426819404726 39.57
-123.95580511860123 39.58
-123.95734204315522 39.59
-123.95808491210248 39.61
-123.95888841260899 39.62
-123.96006910082289 39.63
-123.96220911174879 39.64
-123.9664412127255 39.65
-123.97067331370222 39.67
-123.97539264876569 39.68
-123.98013573164206 39.69
-123.984857382325 39.70
-123.9892046365679 39.72
-123.99355189081079 39.73
-123.99763499746422 39.74
-124.00055602710825 39.75
-124.00347705675227 39.76
-124.00606136948318 39.78
-124.0085270655772 39.79
-124.01099276167122 39.80
-124.01357681537841 39.81
-124.01618846798888 39.82
-124.01905042917664 39.84
-124.02282918442968 39.85
-124.02581904374331 39.86
-124.02870712087609 39.87
-124.03159519800887 39.88
-124.03448327514165 39.90
-124.03766438313377 39.91
-124.03987896453795 39.92
-124.04216995990727 39.93
-124.0445034681232 39.95
-124.04683697633912 39.96
-124.04917048455505 39.97
-124.05150399277099 39.98
-124.05383750098692 39.99
-124.08363055650034 40.01
-124.09263100839274 40.02
-124.10335996542813 40.03
-124.11277274151264 40.04
-124.12271078617805 40.05
-124.13376394690725 40.07
-124.14412053119855 40.08
-124.16115587008309 40.09
-124.1846956607005 40.10
-124.20285854107783 40.12
-124.218035706594 40.13
-124.23409457749524 40.14
-124.24943701007521 40.15
-124.26784616912816 40.16
-124.28972233592528 40.18
-124.3104504521149 40.19
-124.33257101282818 40.20
