event_id,strike,dip,rake,quality,fault_plane_uncertainty,aux_plane_uncertainty,num_p_pol,num_sp_ratios,polarity_misfit,prob_mech,sta_distribution_ratio,sp_misfit,mult_solution_flag
nc40216664,131.5581,52.8695,-113.4052,B,20.4576,19.8023,50,0,18.3,97.9,50.4,0.0,False
nc40221138,128.222,86.3714,-171.4497,B,27.2606,29.0825,50,0,16.2,75.4,59.9,0.0,True
nc40221138,324.9428,51.8374,-138.9359,D,41.1669,42.3757,50,0,23.0,21.0,60.4,0.0,True
nc51197189,93.9163,73.9985,-179.443,D,40.2094,37.0798,18,0,16.4,37.2,42.5,0.0,False
nc51207076,17.6075,3.5075,125.5262,C,26.5545,28.3228,39,0,22.0,83.4,74.9,0.0,False
nc51207214,37.4147,47.3085,-122.1413,D,34.4403,37.5676,35,0,33.3,63.4,42.5,0.0,False
nc51207829,128.3235,79.0162,-169.7056,C,15.5781,15.8336,38,0,27.9,97.6,83.0,0.0,False
nc71100926,240.4983,45.2771,-85.449,D,38.9329,38.7706,29,0,6.6,43.6,80.8,0.0,True
nc71100926,334.4252,50.4282,-94.9222,D,41.9032,41.8114,29,0,6.5,36.4,80.6,0.0,True
nc71349716,311.0028,87.2727,-166.7448,D,43.129,36.0018,15,0,14.4,39.8,36.2,0.0,True
nc71349716,160.7367,40.7136,-136.2899,D,45.6726,43.0476,15,0,14.1,31.4,37.0,0.0,True
nc71872550,260.4039,87.8614,113.8755,D,48.6528,46.7869,17,0,31.5,31.0,84.3,0.0,True
nc71872550,332.3979,65.0186,68.3906,D,51.3141,51.71,17,0,31.1,21.2,84.9,0.0,True
nc72322146,126.2996,64.1619,-169.1049,D,25.2682,31.8297,48,0,24.0,71.8,29.9,0.0,False
nc72946846,213.669,62.3886,130.8447,D,40.092,37.0768,20,0,31.9,53.2,38.3,0.0,True
nc72946846,33.6232,53.4785,137.7192,D,42.2009,47.7156,20,0,22.6,34.0,36.5,0.0,True
nc73024816,330.9488,63.4539,-143.3639,C,37.0341,35.0314,19,0,17.9,61.0,36.7,0.0,True
nc73024816,148.2092,57.9895,-152.6663,D,49.2046,45.8433,19,0,12.5,30.0,36.1,0.0,True
nc73118836,174.8065,45.6037,-95.8098,D,49.7551,41.4126,24,0,20.4,42.0,39.3,0.0,False
nc73201181,105.6764,87.5778,177.8685,C,21.1153,24.1575,48,0,24.6,87.8,72.7,0.0,True
nc73201181,226.9995,35.515,62.3736,D,57.7793,40.5792,48,0,28.8,9.6,72.3,0.0,True
nc73311641,162.0701,41.4467,-114.233,B,20.7726,22.5014,36,0,8.2,88.6,42.0,0.0,False
nc73629686,38.0086,76.347,-160.0848,C,42.8717,32.9453,35,0,20.9,57.8,64.1,0.0,True
nc73629686,135.6847,63.4863,75.8083,D,44.6423,41.2522,35,0,23.4,40.0,64.7,0.0,True
nc73783911,106.9127,66.0947,-106.0216,D,42.6013,46.8577,35,0,16.4,34.4,75.9,0.0,True
nc73783911,166.6295,35.7966,-129.0363,D,47.5252,47.5906,35,0,17.1,28.4,74.5,0.0,True
